# Matter power spectrum P(k) at redshift z=99
# for k=1.00899e-05 to 203.102 h/Mpc,
# number of wavenumbers equal to 845
#    1:k (h/Mpc)              2:P (Mpc/h)^3        
       1.008985923246e-05       8.603080173196e-03 
       2.251775554681e-05       1.859291589776e-02 
       3.498636120247e-05       2.838341192434e-02 
       4.752690064658e-05       3.808739737428e-02 
       6.017107953230e-05       4.776706309438e-02 
       7.295134796122e-05       5.746776671918e-02 
       8.590117158737e-05       6.722746282073e-02 
       9.905531395762e-05       7.708052497357e-02 
       1.124501334903e-04       8.705967757608e-02 
       1.261238985241e-04       9.719713506170e-02 
       1.401171238832e-04       1.075253759569e-01 
       1.544729323814e-04       1.180777234353e-01 
       1.692374445844e-04       1.288888307733e-01 
       1.844601999316e-04       1.399951106931e-01 
       2.001946119095e-04       1.514351428031e-01 
       2.164984592990e-04       1.632500705854e-01 
       2.334344144703e-04       1.754840002809e-01 
       2.510706081373e-04       1.881844064584e-01 
       2.694812277303e-04       2.014025369547e-01 
       2.887471433953e-04       2.151938344414e-01 
       3.089565513139e-04       2.296183455119e-01 
       3.302056182976e-04       2.447411152216e-01 
       3.525991041420e-04       2.606325622762e-01 
       3.762509287930e-04       2.773687853180e-01 
       4.012846398372e-04       2.950317960412e-01 
       4.278337222871e-04       3.137096211082e-01 
       4.560416775835e-04       3.334962225258e-01 
       4.860617833145e-04       3.544911896269e-01 
       5.180564313506e-04       3.767991117312e-01 
       5.521959330390e-04       4.005285793722e-01 
       5.886566801031e-04       4.257907315695e-01 
       6.276185643138e-04       4.526972828585e-01 
       6.692615934693e-04       4.813580153022e-01 
       7.137617003222e-04       5.118777386460e-01 
       7.612858261435e-04       5.443527783565e-01 
       8.119864671933e-04       5.788671509874e-01 
       8.659959882004e-04       6.154886643288e-01 
       9.234211115549e-04       6.542651932856e-01 
       9.843380583383e-04       6.952215123003e-01 
       1.048788822492e-03       7.383569738960e-01 
       1.116778986862e-03       7.836443239215e-01 
       1.188277341593e-03       8.310298183150e-01 
       1.263217364035e-03       8.804344324908e-01 
       1.341500403710e-03       9.317501311121e-01 
       1.423000229794e-03       9.848626516155e-01 
       1.507568477172e-03       1.039636576533e+00 
       1.595040487038e-03       1.095925807599e+00 
       1.685241074673e-03       1.153577732687e+00 
       1.777989849548e-03       1.212437017897e+00 
       1.873105833077e-03       1.272348884343e+00 
       1.970411240942e-03       1.333161829100e+00 
       2.069734400901e-03       1.394729546006e+00 
       2.170911853969e-03       1.456912524005e+00 
       2.273789735124e-03       1.519578889109e+00 
       2.378224553043e-03       1.582604997356e+00 
       2.484083492891e-03       1.645875701673e+00 
       2.591244358339e-03       1.709284055849e+00 
       2.699595254278e-03       1.772731528604e+00 
       2.809034094327e-03       1.836127183325e+00 
       2.919467999818e-03       1.899387679629e+00 
       3.030812641171e-03       1.962436536017e+00 
       3.142991559080e-03       2.025203872488e+00 
       3.255935491967e-03       2.087625783628e+00 
       3.369581727509e-03       2.149644046058e+00 
       3.483873489548e-03       2.211205512663e+00 
       3.598759366763e-03       2.272262391355e+00 
       3.714192786088e-03       2.332770350484e+00 
       3.830131531369e-03       2.392690119744e+00 
       3.946537306183e-03       2.451985494170e+00 
       4.063375338686e-03       2.510624720487e+00 
       4.180614025754e-03       2.568577990944e+00 
       4.298224613405e-03       2.625820050886e+00 
       4.416180910359e-03       2.682327594171e+00 
       4.534459031676e-03       2.738079339749e+00 
       4.653037169509e-03       2.793058492411e+00 
       4.771895388214e-03       2.847248007278e+00 
       4.891015441268e-03       2.900635101907e+00 
       5.010380607654e-03       2.953207766425e+00 
       5.129975545600e-03       3.004955500654e+00 
       5.249786161774e-03       3.055871183360e+00 
       5.369799494223e-03       3.105947449663e+00 
       5.490003607537e-03       3.155180464951e+00 
       5.610387498875e-03       3.203565969011e+00 
       5.730941013670e-03       3.251101404894e+00 
       5.851654769906e-03       3.297785852305e+00 
       5.972520090068e-03       3.343619997542e+00 
       6.093528939880e-03       3.388604217585e+00 
       6.214673873133e-03       3.432740477103e+00 
       6.335947981903e-03       3.476032215628e+00 
       6.457344851613e-03       3.518482156260e+00 
       6.578858520406e-03       3.560096192539e+00 
       6.700483442374e-03       3.600878816528e+00 
       6.822214454238e-03       3.640835061345e+00 
       6.944046745134e-03       3.679970931457e+00 
       7.065975829162e-03       3.718295029058e+00 
       7.187997520434e-03       3.755811574306e+00 
       7.310107910369e-03       3.792531494403e+00 
       7.432303346994e-03       3.828461703927e+00 
       7.554580416073e-03       3.863609948999e+00 
       7.676935923868e-03       3.897982984059e+00 
       7.799366881390e-03       3.931591753286e+00 
       7.921870489981e-03       3.964444433582e+00 
       8.044444128110e-03       3.996550116279e+00 
       8.167085339271e-03       4.027916322623e+00 
       8.289791820870e-03       4.058555924875e+00 
       8.412561414027e-03       4.088475207823e+00 
       8.535392094189e-03       4.117683067906e+00 
       8.658281962499e-03       4.146189641580e+00 
       8.781229237845e-03       4.174004244080e+00 
       8.904232249532e-03       4.201135962439e+00 
       9.027289430517e-03       4.227593837665e+00 
       9.150399311170e-03       4.253386312910e+00 
       9.273560513504e-03       4.278523011765e+00 
       9.396771745844e-03       4.303012539089e+00 
       9.520031797891e-03       4.326863176150e+00 
       9.643339536152e-03       4.350084687789e+00 
       9.766693899711e-03       4.372683245841e+00 
       9.890093896300e-03       4.394670611337e+00 
       1.001353859866e-02       4.416051984789e+00 
       1.013702714118e-02       4.436835997616e+00 
       1.026055871672e-02       4.457031080661e+00 
       1.038413257374e-02       4.476644993650e+00 
       1.050774801356e-02       4.495687264037e+00 
       1.063140438788e-02       4.514159718289e+00 
       1.075510109639e-02       4.532077385775e+00 
       1.087883758462e-02       4.549441149373e+00 
       1.100261334193e-02       4.566260591330e+00 
       1.112642789957e-02       4.582542787729e+00 
       1.125028082899e-02       4.598294380928e+00 
       1.137417174014e-02       4.613521444501e+00 
       1.149810028000e-02       4.628232247865e+00 
       1.162206613114e-02       4.642430023668e+00 
       1.174606901039e-02       4.656124275516e+00 
       1.187010866765e-02       4.669320260015e+00 
       1.199418488471e-02       4.682023563756e+00 
       1.211829747421e-02       4.694240589113e+00 
       1.224244627863e-02       4.705978177642e+00 
       1.236663116941e-02       4.717241820665e+00 
       1.249085204607e-02       4.728034836057e+00 
       1.261510883545e-02       4.738366746013e+00 
       1.273940149094e-02       4.748239637905e+00 
       1.286372999182e-02       4.757663497382e+00 
       1.298809434267e-02       4.766640230944e+00 
       1.311249457272e-02       4.775175451633e+00 
       1.323693073542e-02       4.783275339978e+00 
       1.336140290784e-02       4.790946075253e+00 
       1.348591119034e-02       4.798193345877e+00 
       1.361045570605e-02       4.805020774049e+00 
       1.373503660061e-02       4.811434248871e+00 
       1.385965404174e-02       4.817440047874e+00 
       1.398430821901e-02       4.823040843731e+00 
       1.410899934352e-02       4.828244567562e+00 
       1.423372764771e-02       4.833052885759e+00 
       1.435849338511e-02       4.837475555464e+00 
       1.448329683018e-02       4.841513121684e+00 
       1.460813827812e-02       4.845173224461e+00 
       1.473301804481e-02       4.848460048067e+00 
       1.485793646664e-02       4.851378644510e+00 
       1.498289390044e-02       4.853931545218e+00 
       1.510789072347e-02       4.856129465329e+00 
       1.523292733332e-02       4.857971648217e+00 
       1.535800414793e-02       4.859464225598e+00 
       1.548312160558e-02       4.860615690611e+00 
       1.560828016494e-02       4.861428177421e+00 
       1.573348030509e-02       4.861901657885e+00 
       1.585872252561e-02       4.862046385970e+00 
       1.598400734663e-02       4.861866895963e+00 
       1.610933530897e-02       4.861366770600e+00 
       1.623470697422e-02       4.860550258997e+00 
       1.636012292492e-02       4.859424194865e+00 
       1.648558376469e-02       4.857986997954e+00 
       1.661109011841e-02       4.856252239675e+00 
       1.673664263240e-02       4.854216456132e+00 
       1.686224197463e-02       4.851889480405e+00 
       1.698788883495e-02       4.849273692226e+00 
       1.711358392534e-02       4.846369528012e+00 
       1.723932798012e-02       4.843188191124e+00 
       1.736512175629e-02       4.839728875777e+00 
       1.749096603375e-02       4.835997959768e+00 
       1.761686161566e-02       4.831996844864e+00 
       1.774280932873e-02       4.827740379233e+00 
       1.786881002356e-02       4.823215765987e+00 
       1.799486457501e-02       4.818441677541e+00 
       1.812097388257e-02       4.813412246547e+00 
       1.824713887072e-02       4.808138491012e+00 
       1.837336048938e-02       4.802620977689e+00 
       1.849963971429e-02       4.796865528633e+00 
       1.862597754748e-02       4.790870281637e+00 
       1.875237501771e-02       4.784646155648e+00 
       1.887883318094e-02       4.778193333857e+00 
       1.900535312085e-02       4.771520523419e+00 
       1.913193594933e-02       4.764623897345e+00 
       1.925858280700e-02       4.757513353852e+00 
       1.938529486380e-02       4.750186118604e+00 
       1.951207331950e-02       4.742653230128e+00 
       1.963891940434e-02       4.734912190789e+00 
       1.976583437961e-02       4.726977783519e+00 
       1.989281953829e-02       4.718833931513e+00 
       2.001987620571e-02       4.710499711744e+00 
       2.014700574018e-02       4.701978012692e+00 
       2.027420953374e-02       4.693264009475e+00 
       2.040148901283e-02       4.684367271534e+00 
       2.052884563906e-02       4.675288990121e+00 
       2.065628090997e-02       4.666035217270e+00 
       2.078379635978e-02       4.656608675022e+00 
       2.091139356027e-02       4.647010076009e+00 
       2.103907412157e-02       4.637236693485e+00 
       2.116683969302e-02       4.627305051739e+00 
       2.129469196411e-02       4.617211945826e+00 
       2.142263266535e-02       4.606955458062e+00 
       2.155066356926e-02       4.596555964938e+00 
       2.167878649131e-02       4.586006546061e+00 
       2.180700329099e-02       4.575293641003e+00 
       2.193531587278e-02       4.564444844168e+00 
       2.206372618728e-02       4.553452518256e+00 
       2.219223623229e-02       4.542322994652e+00 
       2.232084805397e-02       4.531049916499e+00 
       2.244956374803e-02       4.519650508073e+00 
       2.257838546090e-02       4.508114368071e+00 
       2.270731539105e-02       4.496458740593e+00 
       2.283635579024e-02       4.484674273238e+00 
       2.296550896486e-02       4.472767694740e+00 
       2.309477727734e-02       4.460743713875e+00 
       2.322416314755e-02       4.448603834782e+00 
       2.335366905427e-02       4.436350672606e+00 
       2.348329753672e-02       4.423986558411e+00 
       2.361305119611e-02       4.411510955639e+00 
       2.374293269725e-02       4.398932166200e+00 
       2.387294477028e-02       4.386257137887e+00 
       2.400309021230e-02       4.373473201787e+00 
       2.413337188923e-02       4.360602120724e+00 
       2.426379273761e-02       4.347633817103e+00 
       2.439435576651e-02       4.334563527028e+00 
       2.452506405949e-02       4.321413464219e+00 
       2.465592077667e-02       4.308170854337e+00 
       2.478692915676e-02       4.294853520729e+00 
       2.491809251927e-02       4.281444691186e+00 
       2.504941426679e-02       4.267954765017e+00 
       2.518089788722e-02       4.254389435163e+00 
       2.531254695627e-02       4.240751368629e+00 
       2.544436513988e-02       4.227043318992e+00 
       2.557635619681e-02       4.213250497099e+00 
       2.570852398133e-02       4.199407248259e+00 
       2.584087244594e-02       4.185495258678e+00 
       2.597340564424e-02       4.171506365635e+00 
       2.610612773389e-02       4.157466557347e+00 
       2.623904297966e-02       4.143364799527e+00 
       2.637215575665e-02       4.129201949298e+00 
       2.650547055353e-02       4.114992071850e+00 
       2.663899197597e-02       4.100714270131e+00 
       2.677272475021e-02       4.086399144828e+00 
       2.690667372668e-02       4.072030910837e+00 
       2.704084388387e-02       4.057607423021e+00 
       2.717524033223e-02       4.043143498116e+00 
       2.730986831833e-02       4.028645109573e+00 
       2.744473322907e-02       4.014097198720e+00 
       2.757984059617e-02       3.999501754139e+00 
       2.771519610072e-02       3.984872304433e+00 
       2.785080557800e-02       3.970214158605e+00 
       2.798667502244e-02       3.955505957685e+00 
       2.812281059279e-02       3.940778636956e+00 
       2.825921861753e-02       3.926009653056e+00 
       2.839590560043e-02       3.911224482729e+00 
       2.853287822642e-02       3.896400623882e+00 
       2.867014336763e-02       3.881553399724e+00 
       2.880770808975e-02       3.866672568090e+00 
       2.894557965859e-02       3.851771894156e+00 
       2.908376554696e-02       3.836860948601e+00 
       2.922227344183e-02       3.821919084851e+00 
       2.936111125182e-02       3.806958774110e+00 
       2.950028711498e-02       3.791983824653e+00 
       2.963980940692e-02       3.776984721565e+00 
       2.977968674934e-02       3.761970559130e+00 
       2.991992801888e-02       3.746947887699e+00 
       3.006054235642e-02       3.731912557457e+00 
       3.020153917674e-02       3.716862404973e+00 
       3.034292817872e-02       3.701806283679e+00 
       3.048471935591e-02       3.686732951552e+00 
       3.062692300766e-02       3.671657460105e+00 
       3.076954975073e-02       3.656583339082e+00 
       3.091261053153e-02       3.641497087471e+00 
       3.105611663883e-02       3.626399494221e+00 
       3.120007971717e-02       3.611309481709e+00 
       3.134451178094e-02       3.596197072273e+00 
       3.148942522908e-02       3.581100206347e+00 
       3.163483286058e-02       3.566001598514e+00 
       3.178074789075e-02       3.550906347634e+00 
       3.192718396829e-02       3.535797386169e+00 
       3.207415519325e-02       3.520701859355e+00 
       3.222167613596e-02       3.505603638642e+00 
       3.236976185693e-02       3.490510789475e+00 
       3.251842792776e-02       3.475439341976e+00 
       3.266769045326e-02       3.460332853043e+00 
       3.281756609471e-02       3.445279028928e+00 
       3.296807209441e-02       3.430201461019e+00 
       3.311922630162e-02       3.415126596109e+00 
       3.327104719986e-02       3.400089882636e+00 
       3.342355393590e-02       3.385029489626e+00 
       3.357676635028e-02       3.369990488837e+00 
       3.373070500968e-02       3.354960369527e+00 
       3.388539124115e-02       3.339940831474e+00 
       3.404084716838e-02       3.324928549104e+00 
       3.419709575014e-02       3.309920931776e+00 
       3.435416082110e-02       3.294943333767e+00 
       3.451206713503e-02       3.279968897669e+00 
       3.467084041087e-02       3.264997576686e+00 
       3.483050738153e-02       3.250026568135e+00 
       3.499109584590e-02       3.235091307410e+00 
       3.515263472420e-02       3.220155286499e+00 
       3.531515411689e-02       3.205233936958e+00 
       3.547868536756e-02       3.190324804836e+00 
       3.564326112997e-02       3.175430324870e+00 
       3.580891543966e-02       3.160541781158e+00 
       3.597568379052e-02       3.145669323400e+00 
       3.614360321665e-02       3.130812542148e+00 
       3.631271238005e-02       3.115955669350e+00 
       3.648305166451e-02       3.101111274945e+00 
       3.665466327647e-02       3.086292858642e+00 
       3.682759135313e-02       3.071482830703e+00 
       3.700188207881e-02       3.056678302714e+00 
       3.717758380999e-02       3.041887635895e+00 
       3.735474721006e-02       3.027104308893e+00 
       3.753342539455e-02       3.012317474176e+00 
       3.771367408789e-02       2.997553204253e+00 
       3.789555179276e-02       2.982804381725e+00 
       3.807911997330e-02       2.968053835657e+00 
       3.826444325354e-02       2.953313046292e+00 
       3.845158963247e-02       2.938580969455e+00 
       3.864063071773e-02       2.923854323617e+00 
       3.883164197941e-02       2.909126336095e+00 
       3.902470302655e-02       2.894406552670e+00 
       3.921989790844e-02       2.879688660071e+00 
       3.941731544346e-02       2.864970060113e+00 
       3.961704957874e-02       2.850251418823e+00 
       3.981919978381e-02       2.835536669107e+00 
       4.002387148228e-02       2.820819163193e+00 
       4.023117652610e-02       2.806095473351e+00 
       4.044123371716e-02       2.791370997926e+00 
       4.065416938230e-02       2.776632215473e+00 
       4.087011800810e-02       2.761886623865e+00 
       4.108922294299e-02       2.747137127315e+00 
       4.131163717545e-02       2.732363790558e+00 
       4.153752419801e-02       2.717582257799e+00 
       4.176705896879e-02       2.702788229440e+00 
       4.200042898355e-02       2.687966269936e+00 
       4.223783547389e-02       2.673129828149e+00 
       4.247949474925e-02       2.658264735956e+00 
       4.272563970381e-02       2.643366509842e+00 
       4.297652151252e-02       2.628446725235e+00 
       4.323241154501e-02       2.613478451424e+00 
       4.349360353122e-02       2.598485051111e+00 
       4.376041601845e-02       2.583442612916e+00 
       4.403319516735e-02       2.568352784657e+00 
       4.431231794305e-02       2.553212862326e+00 
       4.459819576870e-02       2.538014616494e+00 
       4.489127872208e-02       2.522753327042e+00 
       4.519206037240e-02       2.507418273400e+00 
       4.550108337449e-02       2.492040613824e+00 
       4.581894596305e-02       2.476537334718e+00 
       4.614630952020e-02       2.460956679288e+00 
       4.648390742907e-02       2.445265409133e+00 
       4.683255547441e-02       2.429481124561e+00 
       4.719316411280e-02       2.413570769957e+00 
       4.756675301229e-02       2.397533083206e+00 
       4.795446835950e-02       2.381363260545e+00 
       4.835760355679e-02       2.365043234289e+00 
       4.877762409092e-02       2.348528527904e+00 
       4.921619755703e-02       2.331814185565e+00 
       4.967523007970e-02       2.314862485274e+00 
       5.015691069999e-02       2.297668135059e+00 
       5.066376571099e-02       2.280194122465e+00 
       5.119872543759e-02       2.262385108235e+00 
       5.176520658204e-02       2.244227078864e+00 
       5.236721398511e-02       2.225636350951e+00 
       5.300946643626e-02       2.206551936656e+00 
       5.369755186298e-02       2.186884058797e+00 
       5.443811750858e-02       2.166527945641e+00 
       5.523909986108e-02       2.145335569911e+00 
       5.610999569786e-02       2.123124233858e+00 
       5.706216693470e-02       2.099641495551e+00 
       5.810915311482e-02       2.074559179432e+00 
       5.926692833934e-02       2.047425634272e+00 
       6.055397336706e-02       2.017645488864e+00 
       6.199093018729e-02       1.984408066108e+00 
       6.359947940448e-02       1.946661157056e+00 
       6.540001142378e-02       1.903108252021e+00 
       6.740785583239e-02       1.852301252819e+00 
       6.962856953198e-02       1.792880405482e+00 
       7.205402575154e-02       1.724007031462e+00 
       7.466181557294e-02       1.645861074039e+00 
       7.741925944084e-02       1.559947117104e+00 
       8.029037150168e-02       1.469026803681e+00 
       8.324228134396e-02       1.376648154381e+00 
       8.624873566558e-02       1.286515940767e+00 
       8.929066761749e-02       1.201929266228e+00 
       9.235510010565e-02       1.125386697061e+00 
       9.543357073890e-02       1.058457999923e+00 
       9.852071037994e-02       1.001716683436e+00 
       1.016131705477e-01       9.549042390850e-01 
       1.047088850041e-01       9.170754048988e-01 
       1.078065869454e-01       8.867732692238e-01 
       1.109055026726e-01       8.622180476003e-01 
       1.140051606747e-01       8.414778090585e-01 
       1.171052739085e-01       8.226445353508e-01 
       1.202056676777e-01       8.039947503650e-01 
       1.233062356186e-01       7.841330556273e-01 
       1.264069129017e-01       7.621071165641e-01 
       1.295076599371e-01       7.374608867428e-01 
       1.326084524750e-01       7.102319070338e-01 
       1.357092755935e-01       6.808816213566e-01 
       1.388101200478e-01       6.501905726283e-01 
       1.419109800535e-01       6.191145019686e-01 
       1.450118519396e-01       5.886524703009e-01 
       1.481127333302e-01       5.597199423792e-01 
       1.512136226471e-01       5.330715269551e-01 
       1.543145188064e-01       5.092262032193e-01 
       1.574154210335e-01       4.884408163247e-01 
       1.605163287508e-01       4.707487042049e-01 
       1.636172415074e-01       4.559526169343e-01 
       1.667181589372e-01       4.436856735800e-01 
       1.698190807317e-01       4.334282001765e-01 
       1.729200066233e-01       4.246258299597e-01 
       1.760209363751e-01       4.167004175400e-01 
       1.791218697736e-01       4.091715709957e-01 
       1.822228066242e-01       4.014379890739e-01 
       1.853237467480e-01       3.931085984978e-01 
       1.884246899796e-01       3.839346843950e-01 
       1.915256361651e-01       3.738342213429e-01 
       1.946265851615e-01       3.628782766444e-01 
       1.977275368348e-01       3.512666196184e-01 
       2.008284910597e-01       3.392822087353e-01 
       2.039294477188e-01       3.272495105852e-01 
       2.070304067018e-01       3.154750774294e-01 
       2.101313679048e-01       3.042282036718e-01 
       2.132323312304e-01       2.937256265529e-01 
       2.163332965866e-01       2.841145849337e-01 
       2.194342638867e-01       2.754802372746e-01 
       2.225352330487e-01       2.678439877415e-01 
       2.256362039955e-01       2.611493817067e-01 
       2.287371766540e-01       2.553024517109e-01 
       2.318381509550e-01       2.501478089791e-01 
       2.349391268330e-01       2.455046897464e-01 
       2.380401042261e-01       2.411757989799e-01 
       2.411410830753e-01       2.369801805166e-01 
       2.442420633250e-01       2.327657236087e-01 
       2.473430449220e-01       2.284103937758e-01 
       2.504440278160e-01       2.238434260217e-01 
       2.535450119592e-01       2.190326465696e-01 
       2.566459973060e-01       2.139860174869e-01 
       2.597469838130e-01       2.087431359456e-01 
       2.628479714390e-01       2.033760646627e-01 
       2.659489601445e-01       1.979755154164e-01 
       2.690499498921e-01       1.926414604786e-01 
       2.721509406458e-01       1.874726544559e-01 
       2.752519323715e-01       1.825544278463e-01 
       2.783529250366e-01       1.779478748037e-01 
       2.814539186098e-01       1.736856280148e-01 
       2.845549130613e-01       1.697770747155e-01 
       2.876559083625e-01       1.662042459669e-01 
       2.907569044861e-01       1.629335444011e-01 
       2.938579014059e-01       1.599153178020e-01 
       2.969588990968e-01       1.570991314585e-01 
       3.000598975348e-01       1.544276737269e-01 
       3.031608966969e-01       1.518454466467e-01 
       3.062618965610e-01       1.492995964331e-01 
       3.093628971058e-01       1.467456846244e-01 
       3.124638983110e-01       1.441537285869e-01 
       3.155649001570e-01       1.415057780124e-01 
       3.186659026250e-01       1.388017221751e-01 
       3.217669056970e-01       1.360547337571e-01 
       3.248679093555e-01       1.332867484548e-01 
       3.279689135839e-01       1.305251577095e-01 
       3.310699183660e-01       1.277975300755e-01 
       3.341709236865e-01       1.251302897289e-01 
       3.372719295303e-01       1.225470792645e-01 
       3.403729358831e-01       1.200680566765e-01 
       3.434739427310e-01       1.177074920823e-01 
       3.465749500607e-01       1.154744461392e-01 
       3.496759578594e-01       1.133694161282e-01 
       3.527769661145e-01       1.113857947078e-01 
       3.558779748142e-01       1.095093601456e-01 
       3.589789839468e-01       1.077215680234e-01 
       3.620799935012e-01       1.060017342066e-01 
       3.651810034666e-01       1.043305098313e-01 
       3.682820138325e-01       1.026919166187e-01 
       3.713830245890e-01       1.010731962777e-01 
       3.744840357261e-01       9.946530547301e-02 
       3.775850472346e-01       9.786201486803e-02 
       3.806860591053e-01       9.626048420463e-02 
       3.837870713295e-01       9.466015691676e-02 
       3.868880838984e-01       9.306441867283e-02 
       3.899890968040e-01       9.147902002379e-02 
       3.930901100382e-01       8.991245020441e-02 
       3.961911235933e-01       8.837388273349e-02 
       3.992921374617e-01       8.687155647728e-02 
       4.023931516362e-01       8.541180147488e-02 
       4.054941661098e-01       8.399854520563e-02 
       4.085951808755e-01       8.263317636238e-02 
       4.116961959268e-01       8.131534627137e-02 
       4.147972112573e-01       8.004400920029e-02 
       4.178982268607e-01       7.881737180753e-02 
       4.209992427309e-01       7.763265766720e-02 
       4.241002588622e-01       7.648609306902e-02 
       4.272012752487e-01       7.537270281487e-02 
       4.303022918849e-01       7.428651682634e-02 
       4.334033087655e-01       7.322153109632e-02 
       4.365043258852e-01       7.217251766442e-02 
       4.396053432390e-01       7.113604073791e-02 
       4.427063608219e-01       7.011012709769e-02 
       4.458073786292e-01       6.909443813033e-02 
       4.489083966561e-01       6.808931588083e-02 
       4.520094148981e-01       6.709556634238e-02 
       4.551104333508e-01       6.611420875843e-02 
       4.582114520099e-01       6.514640334823e-02 
       4.613124708713e-01       6.419401806943e-02 
       4.644134899308e-01       6.325932580546e-02 
       4.675145091846e-01       6.234502441537e-02 
       4.706155286287e-01       6.145345168737e-02 
       4.737165482595e-01       6.058610879253e-02 
       4.768175680732e-01       5.974313403357e-02 
       4.799185880663e-01       5.892352717928e-02 
       4.830196082354e-01       5.812544405663e-02 
       4.861206285770e-01       5.734683440283e-02 
       4.892216490879e-01       5.658575608351e-02 
       4.923226697648e-01       5.584054431042e-02 
       4.954236906047e-01       5.510996238908e-02 
       4.985247116044e-01       5.439238189150e-02 
       5.016257327611e-01       5.368637795206e-02 
       5.047267540718e-01       5.299027434437e-02 
       5.078277755336e-01       5.230298510791e-02 
       5.109287971439e-01       5.162389347487e-02 
       5.140298188999e-01       5.095307723429e-02 
       5.171308407990e-01       5.029156569454e-02 
       5.202318628386e-01       4.964025636602e-02 
       5.233328850162e-01       4.900021308973e-02 
       5.264339073294e-01       4.837183239913e-02 
       5.295349297758e-01       4.775516110757e-02 
       5.326359523530e-01       4.714998105137e-02 
       5.357369750589e-01       4.655650080782e-02 
       5.388379978910e-01       4.597430130455e-02 
       5.419390208474e-01       4.540388286640e-02 
       5.450400439257e-01       4.484515647473e-02 
       5.481410671241e-01       4.429807710967e-02 
       5.512420904404e-01       4.376198933144e-02 
       5.543431138726e-01       4.323589380917e-02 
       5.574441374189e-01       4.271879964152e-02 
       5.605451610773e-01       4.221003138838e-02 
       5.636461848459e-01       4.170912215139e-02 
       5.667472087230e-01       4.121589686053e-02 
       5.698482327068e-01       4.073034802403e-02 
       5.729492567955e-01       4.025235730988e-02 
       5.760502809874e-01       3.978163221377e-02 
       5.791513052809e-01       3.931768902929e-02 
       5.822523296744e-01       3.886016519855e-02 
       5.853533541662e-01       3.840898415762e-02 
       5.884543787547e-01       3.796431534326e-02 
       5.915554034386e-01       3.752657419434e-02 
       5.946564282162e-01       3.709614400826e-02 
       5.977574530862e-01       3.667322634302e-02 
       6.008584780470e-01       3.625773679762e-02 
       6.039595030973e-01       3.584929216755e-02 
       6.070605282357e-01       3.544756325502e-02 
       6.101615534608e-01       3.505227401625e-02 
       6.132625787714e-01       3.466331883044e-02 
       6.163636041661e-01       3.428078076516e-02 
       6.194646296437e-01       3.390464571077e-02 
       6.225656552030e-01       3.353473232970e-02 
       6.256666808426e-01       3.317071065454e-02 
       6.287677065615e-01       3.281207892006e-02 
       6.318687323584e-01       3.245841222638e-02 
       6.349697582322e-01       3.210949910918e-02 
       6.380707841818e-01       3.176532123229e-02 
       6.411718102061e-01       3.142605387277e-02 
       6.442728363040e-01       3.109180886018e-02 
       6.473738624744e-01       3.076261733741e-02 
       6.504748887164e-01       3.043832872856e-02 
       6.535759150288e-01       3.011865440942e-02 
       6.566769414107e-01       2.980336155013e-02 
       6.597779678610e-01       2.949239993447e-02 
       6.628789943790e-01       2.918585306297e-02 
       6.659800209635e-01       2.888384526367e-02 
       6.690810476136e-01       2.858658616172e-02 
       6.721820743285e-01       2.829399350183e-02 
       6.752831011073e-01       2.800587473185e-02 
       6.783841279491e-01       2.772191786390e-02 
       6.814851548529e-01       2.744188529219e-02 
       6.845861818180e-01       2.716562405022e-02 
       6.876872088436e-01       2.689314900106e-02 
       6.907882359288e-01       2.662453818790e-02 
       6.938892630728e-01       2.635981396582e-02 
       6.969902902749e-01       2.609904963307e-02 
       7.000913175342e-01       2.584183723412e-02 
       7.031923448500e-01       2.558794277935e-02 
       7.062933722216e-01       2.533731893395e-02 
       7.093943996482e-01       2.508981264247e-02 
       7.124954271291e-01       2.484551216691e-02 
       7.155964546636e-01       2.460459903654e-02 
       7.186974822509e-01       2.436705419460e-02 
       7.217985098906e-01       2.413291168957e-02 
       7.248995375817e-01       2.390198440670e-02 
       7.280005653238e-01       2.367406845820e-02 
       7.464455758151e-01       2.237836434171e-02 
       7.651667369126e-01       2.116308509154e-02 
       7.841776806813e-01       2.002120995241e-02 
       8.034934156659e-01       1.894688726292e-02 
       8.231301147915e-01       1.793532954524e-02 
       8.431049008713e-01       1.698190350071e-02 
       8.634356368620e-01       1.608254420843e-02 
       8.841407268964e-01       1.523371563326e-02 
       9.052389329755e-01       1.443175374443e-02 
       9.267492110784e-01       1.367336156973e-02 
       9.486905693738e-01       1.295581448387e-02 
       9.710819502047e-01       1.227645914915e-02 
       9.939421365888e-01       1.163283983558e-02 
       1.017289683121e+00       1.102306235869e-02 
       1.041142870404e+00       1.044503664502e-02 
       1.065519681468e+00       9.896988230263e-03 
       1.090437798090e+00       9.377274096246e-03 
       1.115914614496e+00       8.884362961338e-03 
       1.141967265644e+00       8.416860169121e-03 
       1.168612667124e+00       7.973361563984e-03 
       1.195867563719e+00       7.552625795245e-03 
       1.223748583763e+00       7.153488075773e-03 
       1.252272296696e+00       6.774708683588e-03 
       1.281455271503e+00       6.415451292527e-03 
       1.311314134122e+00       6.074727257687e-03 
       1.341865622330e+00       5.751596530249e-03 
       1.373126636993e+00       5.445086204866e-03 
       1.405114289018e+00       5.154447435248e-03 
       1.437845941636e+00       4.878940128643e-03 
       1.471339247998e+00       4.617630816328e-03 
       1.505612184263e+00       4.369913931451e-03 
       1.540683078543e+00       4.135165026037e-03 
       1.576570636173e+00       3.912602755357e-03 
       1.613293961846e+00       3.701753370582e-03 
       1.650872579130e+00       3.501898803959e-03 
       1.689326447901e+00       3.312589824000e-03 
       1.728675980162e+00       3.133197650907e-03 
       1.768942054649e+00       2.963258913678e-03 
       1.810146030594e+00       2.802330974987e-03 
       1.852309760920e+00       2.649897188819e-03 
       1.895455605103e+00       2.505536224690e-03 
       1.939606441877e+00       2.368854790148e-03 
       1.984785681927e+00       2.239443259188e-03 
       2.031017280652e+00       2.116928398291e-03 
       2.078325751098e+00       2.000951221696e-03 
       2.126736177086e+00       1.891171845183e-03 
       2.176274226598e+00       1.787280473782e-03 
       2.226966165435e+00       1.688951907400e-03 
       2.278838871174e+00       1.595923243377e-03 
       2.331919847426e+00       1.507888137038e-03 
       2.386237238440e+00       1.424607764755e-03 
       2.441819844019e+00       1.345829844376e-03 
       2.498697134798e+00       1.271304932942e-03 
       2.556899267871e+00       1.200814734576e-03 
       2.616457102781e+00       1.134159350864e-03 
       2.677402217879e+00       1.071121131822e-03 
       2.739766927073e+00       1.011518206451e-03 
       2.803584296956e+00       9.551578491029e-04 
       2.868888164343e+00       9.018793778112e-04 
       2.935713154210e+00       8.515120999999e-04 
       3.004094698049e+00       8.038996515728e-04 
       3.074069052662e+00       7.588967521994e-04 
       3.145673319376e+00       7.163684708779e-04 
       3.218945463722e+00       6.761712344036e-04 
       3.293924335560e+00       6.381903871200e-04 
       3.370649689682e+00       6.023039317260e-04 
       3.449162206885e+00       5.683986975064e-04 
       3.529503515545e+00       5.363654996067e-04 
       3.611716213687e+00       5.061045371801e-04 
       3.695843891573e+00       4.775226188898e-04 
       3.781931154810e+00       4.505242721960e-04 
       3.870023648006e+00       4.250280082321e-04 
       3.960168078965e+00       4.009485252847e-04 
       4.052412243459e+00       3.782084627649e-04 
       4.146805050564e+00       3.567358131077e-04 
       4.243396548597e+00       3.364682469282e-04 
       4.342237951647e+00       3.173292326866e-04 
       4.443381666736e+00       2.992619280911e-04 
       4.546881321600e+00       2.822060738035e-04 
       4.652791793126e+00       2.661074050413e-04 
       4.761169236447e+00       2.509113477810e-04 
       4.872071114719e+00       2.365721200805e-04 
       4.985556229585e+00       2.230380503439e-04 
       5.101684752356e+00       2.102647270606e-04 
       5.220518255912e+00       1.982150812061e-04 
       5.342119747348e+00       1.868442093713e-04 
       5.466553701386e+00       1.761150449240e-04 
       5.593886094555e+00       1.659943329817e-04 
       5.724184440175e+00       1.564470750435e-04 
       5.857517824153e+00       1.474403048518e-04 
       5.993956941616e+00       1.389442955666e-04 
       6.133574134388e+00       1.309310955829e-04 
       6.276443429353e+00       1.233741823262e-04 
       6.422640577704e+00       1.162470296087e-04 
       6.572243095103e+00       1.095267486631e-04 
       6.725330302784e+00       1.031892744390e-04 
       6.881983369612e+00       9.721389032553e-05 
       7.042285355117e+00       9.157978381463e-05 
       7.206321253533e+00       8.626774817003e-05 
       7.374178038864e+00       8.126046130710e-05 
       7.545944711000e+00       7.653982015490e-05 
       7.721712342904e+00       7.208989474775e-05 
       7.901574128902e+00       6.789544324925e-05 
       8.085625434092e+00       6.394219471899e-05 
       8.273963844913e+00       6.021621635514e-05 
       8.466689220884e+00       5.670473706746e-05 
       8.663903747550e+00       5.339538009005e-05 
       8.865711990663e+00       5.027727047292e-05 
       9.072220951624e+00       4.733879253082e-05 
       9.283540124220e+00       4.457006311802e-05 
       9.499781552672e+00       4.196140457159e-05 
       9.721059891047e+00       3.950394586768e-05 
       9.947492464050e+00       3.718871613226e-05 
       1.017919932923e+01       3.500730043883e-05 
       1.041630334063e+01       3.295309086437e-05 
       1.065893021393e+01       3.101760337428e-05 
       1.090720859313e+01       2.919447285725e-05 
       1.116127011869e+01       2.747741144169e-05 
       1.142124949741e+01       2.586036336704e-05 
       1.168728457379e+01       2.433746265287e-05 
       1.195951640315e+01       2.290331883494e-05 
       1.223808932641e+01       2.155274394517e-05 
       1.252315104662e+01       2.028102174650e-05 
       1.281485270728e+01       1.908358649322e-05 
       1.311334897247e+01       1.795608838453e-05 
       1.341879810886e+01       1.689457280212e-05 
       1.373136206963e+01       1.589526096019e-05 
       1.405120658032e+01       1.495440881873e-05 
       1.437850122673e+01       1.406867081536e-05 
       1.471341954482e+01       1.323487850655e-05 
       1.505613911270e+01       1.245012054396e-05 
       1.540684164483e+01       1.171133103007e-05 
       1.576571308833e+01       1.101605691360e-05 
       1.613294372160e+01       1.036161434207e-05 
       1.650872825517e+01       9.745740370743e-06 
       1.689326593498e+01       9.166122338770e-06 
       1.728676064800e+01       8.620672886682e-06 
       1.768942103034e+01       8.107339237211e-06 
       1.810146057785e+01       7.624359094866e-06 
       1.852309775936e+01       7.169886635255e-06 
       1.895455613248e+01       6.742210052208e-06 
       1.939606446216e+01       6.339890578986e-06 
       1.984785684196e+01       5.961326785455e-06 
       2.031017281816e+01       5.605170856937e-06 
       2.078325751684e+01       5.270139066591e-06 
       2.126736177375e+01       4.954965569329e-06 
       2.176274226738e+01       4.658459001579e-06 
       2.226966165502e+01       4.379551264931e-06 
       2.278838871204e+01       4.117214011570e-06 
       2.331919847440e+01       3.870467193298e-06 
       2.386237238446e+01       3.638369692568e-06 
       2.441819844021e+01       3.420105584540e-06 
       2.498697134799e+01       3.214822322054e-06 
       2.556899267872e+01       3.021732432937e-06 
       2.616457102781e+01       2.840152593675e-06 
       2.677402217879e+01       2.669418960888e-06 
       2.739766927073e+01       2.508859424520e-06 
       2.803584296956e+01       2.357901424570e-06 
       2.868888164343e+01       2.215911796377e-06 
       2.935713154210e+01       2.082453985020e-06 
       3.004094698049e+01       1.956941143875e-06 
       3.074069052662e+01       1.838946304624e-06 
       3.145673319376e+01       1.728011954499e-06 
       3.218945463722e+01       1.623721962278e-06 
       3.293924335560e+01       1.525678269218e-06 
       3.370649689682e+01       1.433516742830e-06 
       3.449162206885e+01       1.346873127374e-06 
       3.529503515545e+01       1.265430555974e-06 
       3.611716213687e+01       1.188879536600e-06 
       3.695843891573e+01       1.116926026199e-06 
       3.781931154810e+01       1.049294188676e-06 
       3.870023648006e+01       9.857291922976e-07 
       3.960168078965e+01       9.259873856874e-07 
       4.052412243459e+01       8.698390187763e-07 
       4.146805050564e+01       8.170739580473e-07 
       4.243396548597e+01       7.674894226963e-07 
       4.342237951647e+01       7.208902805571e-07 
       4.443381666736e+01       6.770962791981e-07 
       4.546881321600e+01       6.359447060431e-07 
       4.652791793126e+01       5.972807293060e-07 
       4.761169236447e+01       5.609490608274e-07 
       4.872071114719e+01       5.268136530971e-07 
       4.985556229585e+01       4.947399560476e-07 
       5.101684752356e+01       4.646082877017e-07 
       5.220518255912e+01       4.362968507280e-07 
       5.342119747348e+01       4.096980828300e-07 
       5.466553701386e+01       3.847112816948e-07 
       5.593886094555e+01       3.612373348926e-07 
       5.724184440175e+01       3.391891788182e-07 
       5.857517824153e+01       3.184720373004e-07 
       5.993956941616e+01       2.990144218876e-07 
       6.133574134388e+01       2.807360662551e-07 
       6.276443429353e+01       2.635686613571e-07 
       6.422640577704e+01       2.474439929384e-07 
       6.572243095103e+01       2.322982786875e-07 
       6.725330302784e+01       2.180747258200e-07 
       6.881983369612e+01       2.047144006496e-07 
       7.042285355117e+01       1.921678869948e-07 
       7.206321253533e+01       1.803853139271e-07 
       7.374178038864e+01       1.693190111187e-07 
       7.545944711000e+01       1.589275954763e-07 
       7.721712342904e+01       1.491689930193e-07 
       7.901574128902e+01       1.400061551322e-07 
       8.085625434092e+01       1.314006765495e-07 
       8.273963844913e+01       1.233227683559e-07 
       8.466689220884e+01       1.157365980382e-07 
       8.663903747550e+01       1.086127376880e-07 
       8.865711990663e+01       1.019253491238e-07 
       9.072220951624e+01       9.564746587985e-08 
       9.283540124220e+01       8.975162526193e-08 
       9.499781552671e+01       8.421627720852e-08 
       9.721059891047e+01       7.902166095068e-08 
       9.947492464050e+01       7.414418711462e-08 
       1.017919932923e+02       6.956442976367e-08 
       1.041630334063e+02       6.526645616578e-08 
       1.065893021393e+02       6.123157380867e-08 
       1.090720859313e+02       5.744423703014e-08 
       1.116127011869e+02       5.388971651141e-08 
       1.142124949741e+02       5.055222248565e-08 
       1.168728457379e+02       4.742040834357e-08 
       1.195951640315e+02       4.448138625218e-08 
       1.223808932641e+02       4.172185570263e-08 
       1.252315104662e+02       3.913268525730e-08 
       1.281485270728e+02       3.670271173763e-08 
       1.311334897247e+02       3.442206414716e-08 
       1.341879810886e+02       3.228196002698e-08 
       1.373136206963e+02       3.027364523557e-08 
       1.405120658032e+02       2.838938394640e-08 
       1.437850122673e+02       2.662076655372e-08 
       1.471341954482e+02       2.496140167566e-08 
       1.505613911270e+02       2.340458434058e-08 
       1.540684164483e+02       2.194373871334e-08 
       1.576571308833e+02       2.057313070400e-08 
       1.613294372160e+02       1.928712192569e-08 
       1.650872825517e+02       1.808069168175e-08 
       1.689326593498e+02       1.694880263593e-08 
       1.728676064800e+02       1.588702454934e-08 
       1.768942103034e+02       1.489084567976e-08 
       1.810146057785e+02       1.395656123025e-08 
       1.852309775936e+02       1.308005564070e-08 
       1.895455613248e+02       1.225791680465e-08 
       1.939606446216e+02       1.148682132403e-08 
       1.984785684196e+02       1.076350306656e-08 
       2.031017281816e+02       1.008509545280e-08 
