# Matter power spectrum P(k) at redshift z=99
# for k=1.00899e-05 to 203.102 h/Mpc,
# number of wavenumbers equal to 845
#    1:k (h/Mpc)              2:P (Mpc/h)^3        
       1.008985923246e-05       8.603080173196e-03 
       2.251775554681e-05       1.859291589776e-02 
       3.498636120247e-05       2.838341192434e-02 
       4.752690064658e-05       3.808739737428e-02 
       6.017107953230e-05       4.776706309438e-02 
       7.295134796122e-05       5.746776671918e-02 
       8.590117158737e-05       6.722746282073e-02 
       9.905531395762e-05       7.708052497357e-02 
       1.124501334903e-04       8.705967757608e-02 
       1.261238985241e-04       9.719713506170e-02 
       1.401171238832e-04       1.075253759569e-01 
       1.544729323814e-04       1.180777234353e-01 
       1.692374445844e-04       1.288888307733e-01 
       1.844601999316e-04       1.399951106931e-01 
       2.001946119095e-04       1.514351428031e-01 
       2.164984592990e-04       1.632500705854e-01 
       2.334344144703e-04       1.754840002809e-01 
       2.510706081373e-04       1.881844064584e-01 
       2.694812277303e-04       2.014025369547e-01 
       2.887471433953e-04       2.151938344414e-01 
       3.089565513139e-04       2.296183455118e-01 
       3.302056182976e-04       2.447411152216e-01 
       3.525991041420e-04       2.606325622762e-01 
       3.762509287930e-04       2.773687853180e-01 
       4.012846398372e-04       2.950317960412e-01 
       4.278337222871e-04       3.137096211082e-01 
       4.560416775835e-04       3.334962225258e-01 
       4.860617833145e-04       3.544911896269e-01 
       5.180564313506e-04       3.767991117311e-01 
       5.521959330389e-04       4.005285793722e-01 
       5.886566801031e-04       4.257907315695e-01 
       6.276185643138e-04       4.526972828585e-01 
       6.692615934693e-04       4.813580153022e-01 
       7.137617003222e-04       5.118777386460e-01 
       7.612858261435e-04       5.443527783565e-01 
       8.119864671932e-04       5.788671509874e-01 
       8.659959882004e-04       6.154886643287e-01 
       9.234211115548e-04       6.542651932856e-01 
       9.843380583382e-04       6.952215123003e-01 
       1.048788822492e-03       7.383569738960e-01 
       1.116778986862e-03       7.836443239215e-01 
       1.188277341593e-03       8.310298183150e-01 
       1.263217364035e-03       8.804344324907e-01 
       1.341500403710e-03       9.317501311121e-01 
       1.423000229794e-03       9.848626516155e-01 
       1.507568477172e-03       1.039636576533e+00 
       1.595040487037e-03       1.095925807599e+00 
       1.685241074673e-03       1.153577732687e+00 
       1.777989849548e-03       1.212437017897e+00 
       1.873105833077e-03       1.272348884343e+00 
       1.970411240942e-03       1.333161829100e+00 
       2.069734400901e-03       1.394729546006e+00 
       2.170911853969e-03       1.456912524005e+00 
       2.273789735124e-03       1.519578889109e+00 
       2.378224553043e-03       1.582604997356e+00 
       2.484083492891e-03       1.645875701673e+00 
       2.591244358339e-03       1.709284055849e+00 
       2.699595254278e-03       1.772731528603e+00 
       2.809034094327e-03       1.836127183325e+00 
       2.919467999818e-03       1.899387679629e+00 
       3.030812641170e-03       1.962436536017e+00 
       3.142991559080e-03       2.025203872488e+00 
       3.255935491967e-03       2.087625783628e+00 
       3.369581727509e-03       2.149644046058e+00 
       3.483873489548e-03       2.211205512663e+00 
       3.598759366763e-03       2.272262391355e+00 
       3.714192786088e-03       2.332770350484e+00 
       3.830131531369e-03       2.392690119743e+00 
       3.946537306183e-03       2.451985494170e+00 
       4.063375338686e-03       2.510624720487e+00 
       4.180614025754e-03       2.568577990944e+00 
       4.298224613405e-03       2.625820050885e+00 
       4.416180910359e-03       2.682327594170e+00 
       4.534459031676e-03       2.738079339749e+00 
       4.653037169509e-03       2.793058492410e+00 
       4.771895388214e-03       2.847248007278e+00 
       4.891015441268e-03       2.900635101907e+00 
       5.010380607654e-03       2.953207766425e+00 
       5.129975545600e-03       3.004955500654e+00 
       5.249786161774e-03       3.055871183360e+00 
       5.369799494223e-03       3.105947449663e+00 
       5.490003607536e-03       3.155180464947e+00 
       5.610387498875e-03       3.203565969011e+00 
       5.730941013670e-03       3.251101404894e+00 
       5.851654769906e-03       3.297785852305e+00 
       5.972520090067e-03       3.343619997536e+00 
       6.093528939880e-03       3.388604217570e+00 
       6.214673873133e-03       3.432740477103e+00 
       6.335947981902e-03       3.476032215628e+00 
       6.457344851613e-03       3.518482156259e+00 
       6.578858520406e-03       3.560096192539e+00 
       6.700483442374e-03       3.600878816529e+00 
       6.822214454238e-03       3.640835061344e+00 
       6.944046745134e-03       3.679970931457e+00 
       7.065975829162e-03       3.718295029045e+00 
       7.187997520434e-03       3.755811574305e+00 
       7.310107910369e-03       3.792531494451e+00 
       7.432303346994e-03       3.828461703938e+00 
       7.554580416072e-03       3.863609949000e+00 
       7.676935923868e-03       3.897982984115e+00 
       7.799366881390e-03       3.931591753243e+00 
       7.921870489981e-03       3.964444433536e+00 
       8.044444128110e-03       3.996550116279e+00 
       8.167085339271e-03       4.027916322623e+00 
       8.289791820870e-03       4.058555924875e+00 
       8.412561414027e-03       4.088475207923e+00 
       8.535392094189e-03       4.117683067708e+00 
       8.658281962499e-03       4.146189641531e+00 
       8.781229237845e-03       4.174004244081e+00 
       8.904232249532e-03       4.201135962396e+00 
       9.027289430517e-03       4.227593837666e+00 
       9.150399311169e-03       4.253386312910e+00 
       9.273560513504e-03       4.278523011682e+00 
       9.396771745844e-03       4.303012539049e+00 
       9.520031797890e-03       4.326863176150e+00 
       9.643339536152e-03       4.350084687887e+00 
       9.766693899710e-03       4.372683251357e+00 
       9.890093896300e-03       4.394670611336e+00 
       1.001353859866e-02       4.416051985383e+00 
       1.013702714118e-02       4.436835997613e+00 
       1.026055871672e-02       4.457031080662e+00 
       1.038413257374e-02       4.476644993651e+00 
       1.050774801356e-02       4.495687264035e+00 
       1.063140438788e-02       4.514159718291e+00 
       1.075510109639e-02       4.532077385786e+00 
       1.087883758462e-02       4.549441149372e+00 
       1.100261334193e-02       4.566260591339e+00 
       1.112642789957e-02       4.582542780927e+00 
       1.125028082899e-02       4.598294380927e+00 
       1.137417174014e-02       4.613521444461e+00 
       1.149810028000e-02       4.628232247718e+00 
       1.162206613114e-02       4.642430023663e+00 
       1.174606901039e-02       4.656124275502e+00 
       1.187010866765e-02       4.669320015973e+00 
       1.199418488471e-02       4.682023563761e+00 
       1.211829747421e-02       4.694240589125e+00 
       1.224244627862e-02       4.705978177644e+00 
       1.236663116941e-02       4.717241018346e+00 
       1.249085204607e-02       4.728034836049e+00 
       1.261510883545e-02       4.738366746047e+00 
       1.273940149094e-02       4.748239637916e+00 
       1.286372999182e-02       4.757663497230e+00 
       1.298809434267e-02       4.766640230981e+00 
       1.311249457272e-02       4.775175451321e+00 
       1.323693073542e-02       4.783275340181e+00 
       1.336140290784e-02       4.790946075867e+00 
       1.348591119034e-02       4.798193345890e+00 
       1.361045570605e-02       4.805020774087e+00 
       1.373503660061e-02       4.811434248823e+00 
       1.385965404174e-02       4.817439575332e+00 
       1.398430821900e-02       4.823040843740e+00 
       1.410899934352e-02       4.828244567139e+00 
       1.423372764771e-02       4.833052885758e+00 
       1.435849338511e-02       4.837475555562e+00 
       1.448329683018e-02       4.841513121679e+00 
       1.460813827812e-02       4.845172058465e+00 
       1.473301804481e-02       4.848460048065e+00 
       1.485793646664e-02       4.851378644538e+00 
       1.498289390044e-02       4.853931545218e+00 
       1.510789072347e-02       4.856129465329e+00 
       1.523292733332e-02       4.857971648073e+00 
       1.535800414793e-02       4.859464225598e+00 
       1.548312160558e-02       4.860615690611e+00 
       1.560828016494e-02       4.861428177420e+00 
       1.573348030509e-02       4.861901657885e+00 
       1.585872252561e-02       4.862046385971e+00 
       1.598400734663e-02       4.861867320502e+00 
       1.610933530896e-02       4.861365142091e+00 
       1.623470697422e-02       4.860550258997e+00 
       1.636012292492e-02       4.859424194865e+00 
       1.648558376469e-02       4.857988791657e+00 
       1.661109011841e-02       4.856252239675e+00 
       1.673664263240e-02       4.854216456130e+00 
       1.686224197463e-02       4.851889480404e+00 
       1.698788883495e-02       4.849273692225e+00 
       1.711358392534e-02       4.846369527871e+00 
       1.723932798012e-02       4.843188191122e+00 
       1.736512175629e-02       4.839728875777e+00 
       1.749096603375e-02       4.835997959768e+00 
       1.761686161566e-02       4.831996844864e+00 
       1.774280932873e-02       4.827740379232e+00 
       1.786881002356e-02       4.823215765986e+00 
       1.799486457501e-02       4.818441677537e+00 
       1.812097388257e-02       4.813415230880e+00 
       1.824713887072e-02       4.808138491010e+00 
       1.837336048938e-02       4.802620977689e+00 
       1.849963971429e-02       4.796865528630e+00 
       1.862597754748e-02       4.790870281638e+00 
       1.875237501771e-02       4.784646155649e+00 
       1.887883318094e-02       4.778193333860e+00 
       1.900535312085e-02       4.771520523264e+00 
       1.913193594933e-02       4.764623897351e+00 
       1.925858280700e-02       4.757513384445e+00 
       1.938529486380e-02       4.750186118460e+00 
       1.951207331950e-02       4.742653230127e+00 
       1.963891940434e-02       4.734912022419e+00 
       1.976583437961e-02       4.726977783520e+00 
       1.989281953829e-02       4.718833931383e+00 
       2.001987620571e-02       4.710499711738e+00 
       2.014700574018e-02       4.701978012693e+00 
       2.027420953374e-02       4.693264009476e+00 
       2.040148901283e-02       4.684367271537e+00 
       2.052884563906e-02       4.675288990122e+00 
       2.065628090997e-02       4.666035217274e+00 
       2.078379635978e-02       4.656608675032e+00 
       2.091139356027e-02       4.647010075999e+00 
       2.103907412157e-02       4.637236693487e+00 
       2.116683969302e-02       4.627310220203e+00 
       2.129469196411e-02       4.617211945826e+00 
       2.142263266535e-02       4.606955458047e+00 
       2.155066356926e-02       4.596555964936e+00 
       2.167878649131e-02       4.586006546061e+00 
       2.180700329099e-02       4.575293640737e+00 
       2.193531587278e-02       4.564444844166e+00 
       2.206372618728e-02       4.553449064752e+00 
       2.219223623229e-02       4.542316443839e+00 
       2.232084805397e-02       4.531052557894e+00 
       2.244956374803e-02       4.519650507943e+00 
       2.257838546090e-02       4.508114368101e+00 
       2.270731539105e-02       4.496458740593e+00 
       2.283635579024e-02       4.484674273072e+00 
       2.296550896486e-02       4.472758386666e+00 
       2.309477727734e-02       4.460743713748e+00 
       2.322416314755e-02       4.448603834780e+00 
       2.335366905427e-02       4.436351413699e+00 
       2.348329753672e-02       4.423986558411e+00 
       2.361305119610e-02       4.411510955643e+00 
       2.374293269725e-02       4.398932166183e+00 
       2.387294477028e-02       4.386257137889e+00 
       2.400309021230e-02       4.373473201780e+00 
       2.413337188923e-02       4.360602120475e+00 
       2.426379273761e-02       4.347633817095e+00 
       2.439435576650e-02       4.334563527027e+00 
       2.452506405949e-02       4.321413464221e+00 
       2.465592077667e-02       4.308170234185e+00 
       2.478692915676e-02       4.294853975987e+00 
       2.491809251927e-02       4.281441301340e+00 
       2.504941426679e-02       4.267948575440e+00 
       2.518089788722e-02       4.254389435161e+00 
       2.531254695627e-02       4.240751368623e+00 
       2.544436513988e-02       4.227043318728e+00 
       2.557635619681e-02       4.213250496810e+00 
       2.570852398133e-02       4.199407248256e+00 
       2.584087244594e-02       4.185495258697e+00 
       2.597340564424e-02       4.171503877639e+00 
       2.610612773389e-02       4.157466557357e+00 
       2.623904297966e-02       4.143364799531e+00 
       2.637215575665e-02       4.129201949315e+00 
       2.650547055353e-02       4.114992071875e+00 
       2.663899197597e-02       4.100714270133e+00 
       2.677272475021e-02       4.086399144832e+00 
       2.690667372668e-02       4.072030910826e+00 
       2.704084388387e-02       4.057607422797e+00 
       2.717524033223e-02       4.043143497767e+00 
       2.730986831833e-02       4.028645109864e+00 
       2.744473322907e-02       4.014097196849e+00 
       2.757984059617e-02       3.999507933234e+00 
       2.771519610072e-02       3.984872304358e+00 
       2.785080557800e-02       3.970218303430e+00 
       2.798667502244e-02       3.955507774432e+00 
       2.812281059279e-02       3.940783111393e+00 
       2.825921861753e-02       3.926009653076e+00 
       2.839590560043e-02       3.911224482891e+00 
       2.853287822642e-02       3.896401109774e+00 
       2.867014336763e-02       3.881545987807e+00 
       2.880770808975e-02       3.866672568176e+00 
       2.894557965859e-02       3.851771894196e+00 
       2.908376554696e-02       3.836860949203e+00 
       2.922227344183e-02       3.821919082176e+00 
       2.936111125182e-02       3.806958774200e+00 
       2.950028711498e-02       3.791983824853e+00 
       2.963980940692e-02       3.776984718706e+00 
       2.977968674934e-02       3.761970559192e+00 
       2.991992801888e-02       3.746946740598e+00 
       3.006054235642e-02       3.731913628824e+00 
       3.020153917674e-02       3.716862399790e+00 
       3.034292817872e-02       3.701806282987e+00 
       3.048471935591e-02       3.686738800254e+00 
       3.062692300766e-02       3.671657375905e+00 
       3.076954975073e-02       3.656576814104e+00 
       3.091261053153e-02       3.641495494721e+00 
       3.105611663883e-02       3.626399337959e+00 
       3.120007971717e-02       3.611309485611e+00 
       3.134451178094e-02       3.596197072248e+00 
       3.148942522908e-02       3.581100203523e+00 
       3.163483286058e-02       3.566001600758e+00 
       3.178074789075e-02       3.550906347587e+00 
       3.192718396829e-02       3.535798389185e+00 
       3.207415519325e-02       3.520701505847e+00 
       3.222167613596e-02       3.505610240773e+00 
       3.236976185693e-02       3.490510688403e+00 
       3.251842792776e-02       3.475437881595e+00 
       3.266769045326e-02       3.460332790821e+00 
       3.281756609471e-02       3.445276654068e+00 
       3.296807209441e-02       3.430201481974e+00 
       3.311922630162e-02       3.415124881094e+00 
       3.327104719986e-02       3.400078607403e+00 
       3.342355393590e-02       3.385034203292e+00 
       3.357676635028e-02       3.369979523891e+00 
       3.373070500968e-02       3.354960386484e+00 
       3.388539124115e-02       3.339940746325e+00 
       3.404084716837e-02       3.324928548934e+00 
       3.419709575014e-02       3.309926143355e+00 
       3.435416082110e-02       3.294943301652e+00 
       3.451206713503e-02       3.279968894238e+00 
       3.467084041087e-02       3.264997551851e+00 
       3.483050738153e-02       3.250027989933e+00 
       3.499109584590e-02       3.235076743869e+00 
       3.515263472420e-02       3.220158772980e+00 
       3.531515411689e-02       3.205233937685e+00 
       3.547868536756e-02       3.190324804857e+00 
       3.564326112997e-02       3.175431445184e+00 
       3.580891543965e-02       3.160541780960e+00 
       3.597568379052e-02       3.145665445911e+00 
       3.614360321665e-02       3.130812523250e+00 
       3.631271238004e-02       3.115955669094e+00 
       3.648305166451e-02       3.101111280900e+00 
       3.665466327647e-02       3.086292858499e+00 
       3.682759135313e-02       3.071483564037e+00 
       3.700188207881e-02       3.056678301566e+00 
       3.717758380999e-02       3.041887634014e+00 
       3.735474721006e-02       3.027104499724e+00 
       3.753342539455e-02       3.012316932522e+00 
       3.771367408789e-02       2.997553204410e+00 
       3.789555179276e-02       2.982804393116e+00 
       3.807911997330e-02       2.968053796989e+00 
       3.826444325354e-02       2.953314767096e+00 
       3.845158963247e-02       2.938580969346e+00 
       3.864063071772e-02       2.923854324258e+00 
       3.883164197941e-02       2.909126333838e+00 
       3.902470302655e-02       2.894406552792e+00 
       3.921989790844e-02       2.879688659989e+00 
       3.941731544346e-02       2.864970060106e+00 
       3.961704957874e-02       2.850251417635e+00 
       3.981919978381e-02       2.835536669629e+00 
       4.002387148228e-02       2.820819163281e+00 
       4.023117652610e-02       2.806097618253e+00 
       4.044123371715e-02       2.791366011331e+00 
       4.065416938230e-02       2.776632216483e+00 
       4.087011800809e-02       2.761886634102e+00 
       4.108922294299e-02       2.747135635969e+00 
       4.131163717544e-02       2.732363790168e+00 
       4.153752419801e-02       2.717582260572e+00 
       4.176705896879e-02       2.702788229350e+00 
       4.200042898355e-02       2.687969196540e+00 
       4.223783547389e-02       2.673129828147e+00 
       4.247949474925e-02       2.658264735397e+00 
       4.272563970381e-02       2.643370193732e+00 
       4.297652151252e-02       2.628446725060e+00 
       4.323241154501e-02       2.613478448471e+00 
       4.349360353122e-02       2.598485050905e+00 
       4.376041601845e-02       2.583440216556e+00 
       4.403319516735e-02       2.568352784212e+00 
       4.431231794305e-02       2.553212862181e+00 
       4.459819576870e-02       2.538014616622e+00 
       4.489127872208e-02       2.522753327093e+00 
       4.519206037239e-02       2.507417797348e+00 
       4.550108337449e-02       2.492016959177e+00 
       4.581894596305e-02       2.476537335176e+00 
       4.614630952020e-02       2.460956679391e+00 
       4.648390742907e-02       2.445265410487e+00 
       4.683255547441e-02       2.429481101125e+00 
       4.719316411280e-02       2.413570755386e+00 
       4.756675301229e-02       2.397533084341e+00 
       4.795446835950e-02       2.381363260339e+00 
       4.835760355679e-02       2.365043234288e+00 
       4.877762409092e-02       2.348528652539e+00 
       4.921619755703e-02       2.331814185369e+00 
       4.967523007969e-02       2.314862520645e+00 
       5.015691069999e-02       2.297668520293e+00 
       5.066376571099e-02       2.280194122436e+00 
       5.119872543759e-02       2.262385109716e+00 
       5.176520658204e-02       2.244223227232e+00 
       5.236721398511e-02       2.225636350953e+00 
       5.300946643626e-02       2.206551936654e+00 
       5.369755186298e-02       2.186883489440e+00 
       5.443811750858e-02       2.166526645220e+00 
       5.523909986108e-02       2.145335569798e+00 
       5.610999569786e-02       2.123124233766e+00 
       5.706216693470e-02       2.099636556339e+00 
       5.810915311482e-02       2.074556962757e+00 
       5.926692833934e-02       2.047425634272e+00 
       6.055397336706e-02       2.017645488718e+00 
       6.199093018728e-02       1.984409212699e+00 
       6.359947940447e-02       1.946660102725e+00 
       6.540001142378e-02       1.903109022890e+00 
       6.740785583238e-02       1.852301252856e+00 
       6.962856953198e-02       1.792880405482e+00 
       7.205402575154e-02       1.724007031463e+00 
       7.466181557293e-02       1.645861074038e+00 
       7.741925944084e-02       1.559947117118e+00 
       8.029037150168e-02       1.469027342013e+00 
       8.324228134396e-02       1.376648154380e+00 
       8.624873566557e-02       1.286515940969e+00 
       8.929066761749e-02       1.201929266238e+00 
       9.235510010565e-02       1.125386740683e+00 
       9.543357073889e-02       1.058457878649e+00 
       9.852071037994e-02       1.001716686314e+00 
       1.016131705477e-01       9.549042390856e-01 
       1.047088850041e-01       9.170757899461e-01 
       1.078065869454e-01       8.867735317465e-01 
       1.109055026726e-01       8.622178800400e-01 
       1.140051606747e-01       8.414778091014e-01 
       1.171052739085e-01       8.226445353504e-01 
       1.202056676777e-01       8.039947503662e-01 
       1.233062356186e-01       7.841330556265e-01 
       1.264069129017e-01       7.621071165488e-01 
       1.295076599371e-01       7.374616571903e-01 
       1.326084524750e-01       7.102319070312e-01 
       1.357092755935e-01       6.808820826836e-01 
       1.388101200478e-01       6.501905726524e-01 
       1.419109800535e-01       6.191142555984e-01 
       1.450118519396e-01       5.886524701777e-01 
       1.481127333302e-01       5.597197025989e-01 
       1.512136226471e-01       5.330715268267e-01 
       1.543145188064e-01       5.092262962145e-01 
       1.574154210335e-01       4.884408173289e-01 
       1.605163287508e-01       4.707487042239e-01 
       1.636172415074e-01       4.559525557631e-01 
       1.667181589372e-01       4.436856734039e-01 
       1.698190807317e-01       4.334282002196e-01 
       1.729200066233e-01       4.246258299676e-01 
       1.760209363751e-01       4.167004196870e-01 
       1.791218697736e-01       4.091714210524e-01 
       1.822228066242e-01       4.014379890703e-01 
       1.853237467480e-01       3.931085985013e-01 
       1.884246899796e-01       3.839346844110e-01 
       1.915256361651e-01       3.738340661891e-01 
       1.946265851615e-01       3.628782766622e-01 
       1.977275368348e-01       3.512664050750e-01 
       2.008284910597e-01       3.392822087344e-01 
       2.039294477188e-01       3.272488493460e-01 
       2.070304067018e-01       3.154752301075e-01 
       2.101313679048e-01       3.042282602756e-01 
       2.132323312304e-01       2.937256261436e-01 
       2.163332965866e-01       2.841143788020e-01 
       2.194342638866e-01       2.754802372391e-01 
       2.225352330487e-01       2.678445050265e-01 
       2.256362039955e-01       2.611493817181e-01 
       2.287371766540e-01       2.553025836530e-01 
       2.318381509550e-01       2.501478090045e-01 
       2.349391268330e-01       2.455046897459e-01 
       2.380401042261e-01       2.411757989799e-01 
       2.411410830753e-01       2.369801861104e-01 
       2.442420633249e-01       2.327657248302e-01 
       2.473430449220e-01       2.284107712335e-01 
       2.504440278160e-01       2.238434260216e-01 
       2.535450119592e-01       2.190326437073e-01 
       2.566459973060e-01       2.139860428315e-01 
       2.597469838130e-01       2.087431356869e-01 
       2.628479714390e-01       2.033760634599e-01 
       2.659489601445e-01       1.979755177199e-01 
       2.690499498920e-01       1.926414604528e-01 
       2.721509406458e-01       1.874727038652e-01 
       2.752519323715e-01       1.825544278560e-01 
       2.783529250366e-01       1.779479299079e-01 
       2.814539186098e-01       1.736856277987e-01 
       2.845549130613e-01       1.697772593853e-01 
       2.876559083625e-01       1.662042458327e-01 
       2.907569044861e-01       1.629335443868e-01 
       2.938579014059e-01       1.599153098514e-01 
       2.969588990968e-01       1.570991335545e-01 
       3.000598975348e-01       1.544275729296e-01 
       3.031608966969e-01       1.518455471631e-01 
       3.062618965610e-01       1.492994762742e-01 
       3.093628971058e-01       1.467461199992e-01 
       3.124638983110e-01       1.441536552358e-01 
       3.155649001570e-01       1.415057780025e-01 
       3.186659026250e-01       1.388014141655e-01 
       3.217669056970e-01       1.360547337574e-01 
       3.248679093555e-01       1.332867484549e-01 
       3.279689135839e-01       1.305251578702e-01 
       3.310699183660e-01       1.277975293849e-01 
       3.341709236865e-01       1.251304088332e-01 
       3.372719295303e-01       1.225470472578e-01 
       3.403729358830e-01       1.200680566515e-01 
       3.434739427310e-01       1.177076102742e-01 
       3.465749500607e-01       1.154744461376e-01 
       3.496759578594e-01       1.133694608320e-01 
       3.527769661145e-01       1.113857947812e-01 
       3.558779748142e-01       1.095093601405e-01 
       3.589789839468e-01       1.077215679890e-01 
       3.620799935012e-01       1.060015802366e-01 
       3.651810034666e-01       1.043305162003e-01 
       3.682820138325e-01       1.026919166347e-01 
       3.713830245890e-01       1.010731962777e-01 
       3.744840357261e-01       9.946530543959e-02 
       3.775850472346e-01       9.786201519755e-02 
       3.806860591053e-01       9.626048081863e-02 
       3.837870713295e-01       9.466015792259e-02 
       3.868880838984e-01       9.306442540861e-02 
       3.899890968040e-01       9.147903209862e-02 
       3.930901100382e-01       8.991245020519e-02 
       3.961911235933e-01       8.837388273663e-02 
       3.992921374617e-01       8.687156206814e-02 
       4.023931516362e-01       8.541176174036e-02 
       4.054941661097e-01       8.399854532673e-02 
       4.085951808755e-01       8.263317636364e-02 
       4.116961959268e-01       8.131535676304e-02 
       4.147972112573e-01       8.004395874778e-02 
       4.178982268607e-01       7.881737640840e-02 
       4.209992427309e-01       7.763269404037e-02 
       4.241002588621e-01       7.648610011724e-02 
       4.272012752486e-01       7.537270898056e-02 
       4.303022918849e-01       7.428657490435e-02 
       4.334033087655e-01       7.322148503300e-02 
       4.365043258852e-01       7.217251044779e-02 
       4.396053432390e-01       7.113596258557e-02 
       4.427063608219e-01       7.011014893830e-02 
       4.458073786292e-01       6.909443361751e-02 
       4.489083966560e-01       6.808936375031e-02 
       4.520094148981e-01       6.709552585735e-02 
       4.551104333508e-01       6.611420278105e-02 
       4.582114520099e-01       6.514638718844e-02 
       4.613124708713e-01       6.419398969995e-02 
       4.644134899308e-01       6.325932562636e-02 
       4.675145091846e-01       6.234502592212e-02 
       4.706155286287e-01       6.145345810509e-02 
       4.737165482595e-01       6.058608756010e-02 
       4.768175680732e-01       5.974312665458e-02 
       4.799185880663e-01       5.892351959067e-02 
       4.830196082354e-01       5.812543548777e-02 
       4.861206285770e-01       5.734683103323e-02 
       4.892216490879e-01       5.658574028603e-02 
       4.923226697648e-01       5.584057923138e-02 
       4.954236906047e-01       5.510996231751e-02 
       4.985247116044e-01       5.439237757044e-02 
       5.016257327611e-01       5.368634488627e-02 
       5.047267540718e-01       5.299027964791e-02 
       5.078277755336e-01       5.230298587392e-02 
       5.109287971439e-01       5.162389086491e-02 
       5.140298188999e-01       5.095307807373e-02 
       5.171308407990e-01       5.029156720067e-02 
       5.202318628386e-01       4.964023791297e-02 
       5.233328850162e-01       4.900022231388e-02 
       5.264339073294e-01       4.837183900966e-02 
       5.295349297758e-01       4.775516108005e-02 
       5.326359523530e-01       4.714998143115e-02 
       5.357369750589e-01       4.655650252442e-02 
       5.388379978910e-01       4.597431019065e-02 
       5.419390208474e-01       4.540388734350e-02 
       5.450400439257e-01       4.484517146533e-02 
       5.481410671241e-01       4.429810419743e-02 
       5.512420904404e-01       4.376199060288e-02 
       5.543431138726e-01       4.323589382771e-02 
       5.574441374189e-01       4.271881918936e-02 
       5.605451610773e-01       4.221003063322e-02 
       5.636461848459e-01       4.170912846094e-02 
       5.667472087230e-01       4.121589932961e-02 
       5.698482327068e-01       4.073034552086e-02 
       5.729492567955e-01       4.025237025503e-02 
       5.760502809874e-01       3.978163354051e-02 
       5.791513052809e-01       3.931769382687e-02 
       5.822523296743e-01       3.886017003640e-02 
       5.853533541661e-01       3.840898983180e-02 
       5.884543787547e-01       3.796431634057e-02 
       5.915554034386e-01       3.752657494714e-02 
       5.946564282162e-01       3.709613813033e-02 
       5.977574530862e-01       3.667323750604e-02 
       6.008584780470e-01       3.625773445808e-02 
       6.039595030973e-01       3.584929428614e-02 
       6.070605282357e-01       3.544756463361e-02 
       6.101615534608e-01       3.505227374883e-02 
       6.132625787714e-01       3.466331729163e-02 
       6.163636041661e-01       3.428077342073e-02 
       6.194646296437e-01       3.390464511009e-02 
       6.225656552030e-01       3.353473242656e-02 
       6.256666808426e-01       3.317070938481e-02 
       6.287677065615e-01       3.281207573266e-02 
       6.318687323584e-01       3.245841212214e-02 
       6.349697582322e-01       3.210949834877e-02 
       6.380707841818e-01       3.176532061603e-02 
       6.411718102061e-01       3.142605329788e-02 
       6.442728363040e-01       3.109180637151e-02 
       6.473738624744e-01       3.076261739351e-02 
       6.504748887164e-01       3.043833011168e-02 
       6.535759150288e-01       3.011865425578e-02 
       6.566769414106e-01       2.980336212997e-02 
       6.597779678610e-01       2.949241166377e-02 
       6.628789943789e-01       2.918585157365e-02 
       6.659800209635e-01       2.888385270633e-02 
       6.690810476136e-01       2.858657857678e-02 
       6.721820743285e-01       2.829400002442e-02 
       6.752831011073e-01       2.800587330142e-02 
       6.783841279490e-01       2.772191939194e-02 
       6.814851548529e-01       2.744188377299e-02 
       6.845861818180e-01       2.716562218617e-02 
       6.876872088436e-01       2.689315074673e-02 
       6.907882359288e-01       2.662453783613e-02 
       6.938892630728e-01       2.635981531482e-02 
       6.969902902749e-01       2.609904907683e-02 
       7.000913175342e-01       2.584184182931e-02 
       7.031923448500e-01       2.558794156154e-02 
       7.062933722215e-01       2.533731857655e-02 
       7.093943996481e-01       2.508981129464e-02 
       7.124954271290e-01       2.484551512644e-02 
       7.155964546635e-01       2.460460048469e-02 
       7.186974822509e-01       2.436705230525e-02 
       7.217985098905e-01       2.413291307832e-02 
       7.248995375817e-01       2.390198463743e-02 
       7.280005653238e-01       2.367406682572e-02 
       7.464455758151e-01       2.237836467038e-02 
       7.651667369126e-01       2.116308406013e-02 
       7.841776806813e-01       2.002121015802e-02 
       8.034934156659e-01       1.894688710025e-02 
       8.231301147915e-01       1.793532741331e-02 
       8.431049008712e-01       1.698190345356e-02 
       8.634356368620e-01       1.608254402001e-02 
       8.841407268964e-01       1.523371542763e-02 
       9.052389329755e-01       1.443175398401e-02 
       9.267492110784e-01       1.367336267164e-02 
       9.486905693738e-01       1.295581530970e-02 
       9.710819502047e-01       1.227645887836e-02 
       9.939421365888e-01       1.163284046989e-02 
       1.017289683121e+00       1.102306194799e-02 
       1.041142870404e+00       1.044503704058e-02 
       1.065519681468e+00       9.896988174334e-03 
       1.090437798090e+00       9.377274077918e-03 
       1.115914614496e+00       8.884362764389e-03 
       1.141967265644e+00       8.416860633489e-03 
       1.168612667124e+00       7.973361128581e-03 
       1.195867563719e+00       7.552625602812e-03 
       1.223748583763e+00       7.153488078499e-03 
       1.252272296696e+00       6.774709602605e-03 
       1.281455271503e+00       6.415451038341e-03 
       1.311314134122e+00       6.074727463028e-03 
       1.341865622330e+00       5.751596438325e-03 
       1.373126636993e+00       5.445086662800e-03 
       1.405114289018e+00       5.154447053386e-03 
       1.437845941636e+00       4.878939987147e-03 
       1.471339247998e+00       4.617631019956e-03 
       1.505612184263e+00       4.369914106924e-03 
       1.540683078543e+00       4.135165295187e-03 
       1.576570636173e+00       3.912602627658e-03 
       1.613293961846e+00       3.701753462700e-03 
       1.650872579130e+00       3.501898979674e-03 
       1.689326447901e+00       3.312589216934e-03 
       1.728675980162e+00       3.133197760158e-03 
       1.768942054649e+00       2.963258917223e-03 
       1.810146030594e+00       2.802335297749e-03 
       1.852309760920e+00       2.649897371696e-03 
       1.895455605103e+00       2.505536361969e-03 
       1.939606441877e+00       2.368854800874e-03 
       1.984785681927e+00       2.239443256809e-03 
       2.031017280652e+00       2.116928515696e-03 
       2.078325751098e+00       2.000950755497e-03 
       2.126736177086e+00       1.891172065970e-03 
       2.176274226598e+00       1.787280724088e-03 
       2.226966165435e+00       1.688952047248e-03 
       2.278838871173e+00       1.595924431305e-03 
       2.331919847426e+00       1.507888966078e-03 
       2.386237238440e+00       1.424607045505e-03 
       2.441819844018e+00       1.345829865441e-03 
       2.498697134798e+00       1.271305182862e-03 
       2.556899267871e+00       1.200814674537e-03 
       2.616457102781e+00       1.134159590533e-03 
       2.677402217879e+00       1.071119897904e-03 
       2.739766927072e+00       1.011519430568e-03 
       2.803584296956e+00       9.551567716845e-04 
       2.868888164343e+00       9.018793442584e-04 
       2.935713154210e+00       8.515121691711e-04 
       3.004094698049e+00       8.038996330753e-04 
       3.074069052662e+00       7.588968639602e-04 
       3.145673319376e+00       7.163684904042e-04 
       3.218945463722e+00       6.761719117666e-04 
       3.293924335560e+00       6.381903950834e-04 
       3.370649689682e+00       6.023038439360e-04 
       3.449162206885e+00       5.683986274010e-04 
       3.529503515545e+00       5.363654880573e-04 
       3.611716213687e+00       5.061045191563e-04 
       3.695843891573e+00       4.775225584805e-04 
       3.781931154810e+00       4.505242552942e-04 
       3.870023648006e+00       4.250284755952e-04 
       3.960168078965e+00       4.009485141884e-04 
       4.052412243459e+00       3.782087104284e-04 
       4.146805050564e+00       3.567358067240e-04 
       4.243396548597e+00       3.364682233779e-04 
       4.342237951647e+00       3.173292645750e-04 
       4.443381666736e+00       2.992619313123e-04 
       4.546881321600e+00       2.822061544805e-04 
       4.652791793125e+00       2.661073779173e-04 
       4.761169236447e+00       2.509113230112e-04 
       4.872071114719e+00       2.365721053836e-04 
       4.985556229585e+00       2.230379673509e-04 
       5.101684752356e+00       2.102647208091e-04 
       5.220518255912e+00       1.982150924520e-04 
       5.342119747348e+00       1.868442163079e-04 
       5.466553701386e+00       1.761150198398e-04 
       5.593886094555e+00       1.659943246020e-04 
       5.724184440174e+00       1.564470676622e-04 
       5.857517824153e+00       1.474402963956e-04 
       5.993956941615e+00       1.389443225787e-04 
       6.133574134388e+00       1.309310946671e-04 
       6.276443429353e+00       1.233741799238e-04 
       6.422640577704e+00       1.162470174932e-04 
       6.572243095102e+00       1.095267574826e-04 
       6.725330302784e+00       1.031892966510e-04 
       6.881983369612e+00       9.721389988445e-05 
       7.042285355117e+00       9.157977066694e-05 
       7.206321253532e+00       8.626776531371e-05 
       7.374178038864e+00       8.126045725818e-05 
       7.545944711000e+00       7.653981448069e-05 
       7.721712342904e+00       7.208991432463e-05 
       7.901574128901e+00       6.789543545452e-05 
       8.085625434092e+00       6.394220949183e-05 
       8.273963844913e+00       6.021621509651e-05 
       8.466689220884e+00       5.670472404371e-05 
       8.663903747550e+00       5.339536533317e-05 
       8.865711990662e+00       5.027726945178e-05 
       9.072220951624e+00       4.733878479871e-05 
       9.283540124220e+00       4.457006149887e-05 
       9.499781552671e+00       4.196140799549e-05 
       9.721059891047e+00       3.950394618612e-05 
       9.947492464049e+00       3.718872360268e-05 
       1.017919932923e+01       3.500729798112e-05 
       1.041630334063e+01       3.295308651030e-05 
       1.065893021393e+01       3.101760791187e-05 
       1.090720859313e+01       2.919446893911e-05 
       1.116127011869e+01       2.747741092343e-05 
       1.142124949741e+01       2.586036385134e-05 
       1.168728457379e+01       2.433746512569e-05 
       1.195951640315e+01       2.290331822875e-05 
       1.223808932641e+01       2.155274689645e-05 
       1.252315104662e+01       2.028102434116e-05 
       1.281485270728e+01       1.908358041222e-05 
       1.311334897247e+01       1.795609368514e-05 
       1.341879810886e+01       1.689457057672e-05 
       1.373136206963e+01       1.589525918769e-05 
       1.405120658032e+01       1.495440551851e-05 
       1.437850122673e+01       1.406866753954e-05 
       1.471341954482e+01       1.323487771399e-05 
       1.505613911270e+01       1.245011810392e-05 
       1.540684164483e+01       1.171132999140e-05 
       1.576571308833e+01       1.101606007666e-05 
       1.613294372160e+01       1.036161532542e-05 
       1.650872825517e+01       9.745743775447e-06 
       1.689326593498e+01       9.166121852999e-06 
       1.728676064800e+01       8.620673931158e-06 
       1.768942103034e+01       8.107341975614e-06 
       1.810146057785e+01       7.624359167587e-06 
       1.852309775936e+01       7.169887326283e-06 
       1.895455613248e+01       6.742212638659e-06 
       1.939606446216e+01       6.339890524497e-06 
       1.984785684195e+01       5.961324557097e-06 
       2.031017281816e+01       5.605172391051e-06 
       2.078325751684e+01       5.270140963405e-06 
       2.126736177375e+01       4.954965322520e-06 
       2.176274226737e+01       4.658460189376e-06 
       2.226966165502e+01       4.379551758147e-06 
       2.278838871204e+01       4.117213275598e-06 
       2.331919847440e+01       3.870467395078e-06 
       2.386237238446e+01       3.638369448380e-06 
       2.441819844021e+01       3.420105337636e-06 
       2.498697134799e+01       3.214822361038e-06 
       2.556899267872e+01       3.021732277323e-06 
       2.616457102781e+01       2.840153193761e-06 
       2.677402217879e+01       2.669418395738e-06 
       2.739766927072e+01       2.508858656706e-06 
       2.803584296956e+01       2.357901473081e-06 
       2.868888164343e+01       2.215912296054e-06 
       2.935713154210e+01       2.082454094873e-06 
       3.004094698049e+01       1.956941496530e-06 
       3.074069052662e+01       1.838945493406e-06 
       3.145673319376e+01       1.728011837294e-06 
       3.218945463722e+01       1.623722448436e-06 
       3.293924335560e+01       1.525678323044e-06 
       3.370649689682e+01       1.433516743225e-06 
       3.449162206885e+01       1.346873307822e-06 
       3.529503515545e+01       1.265430399344e-06 
       3.611716213687e+01       1.188879707139e-06 
       3.695843891573e+01       1.116926181003e-06 
       3.781931154810e+01       1.049294301871e-06 
       3.870023648006e+01       9.857291490744e-07 
       3.960168078965e+01       9.259865772061e-07 
       4.052412243459e+01       8.698390249597e-07 
       4.146805050564e+01       8.170738888387e-07 
       4.243396548597e+01       7.674894246732e-07 
       4.342237951647e+01       7.208902690046e-07 
       4.443381666736e+01       6.770962059336e-07 
       4.546881321600e+01       6.359444765751e-07 
       4.652791793125e+01       5.972806347092e-07 
       4.761169236447e+01       5.609490550662e-07 
       4.872071114719e+01       5.268137383942e-07 
       4.985556229585e+01       4.947400604837e-07 
       5.101684752356e+01       4.646083055517e-07 
       5.220518255912e+01       4.362969531410e-07 
       5.342119747348e+01       4.096980939726e-07 
       5.466553701386e+01       3.847111915709e-07 
       5.593886094555e+01       3.612373296466e-07 
       5.724184440174e+01       3.391891920053e-07 
       5.857517824153e+01       3.184720191796e-07 
       5.993956941615e+01       2.990143895524e-07 
       6.133574134388e+01       2.807360957062e-07 
       6.276443429353e+01       2.635687047571e-07 
       6.422640577704e+01       2.474438976149e-07 
       6.572243095102e+01       2.322981656340e-07 
       6.725330302784e+01       2.180747767609e-07 
       6.881983369612e+01       2.047144295129e-07 
       7.042285355117e+01       1.921678641558e-07 
       7.206321253532e+01       1.803852893385e-07 
       7.374178038864e+01       1.693190096933e-07 
       7.545944711000e+01       1.589276058616e-07 
       7.721712342904e+01       1.491689588612e-07 
       7.901574128901e+01       1.400064088009e-07 
       8.085625434092e+01       1.314006742819e-07 
       8.273963844913e+01       1.233227710753e-07 
       8.466689220884e+01       1.157365682497e-07 
       8.663903747550e+01       1.086127503767e-07 
       8.865711990662e+01       1.019253371096e-07 
       9.072220951624e+01       9.564745459941e-08 
       9.283540124220e+01       8.975161366073e-08 
       9.499781552671e+01       8.421627431402e-08 
       9.721059891046e+01       7.902157485794e-08 
       9.947492464049e+01       7.414419846813e-08 
       1.017919932923e+02       6.956443054190e-08 
       1.041630334063e+02       6.526645661025e-08 
       1.065893021393e+02       6.123157886060e-08 
       1.090720859313e+02       5.744423347952e-08 
       1.116127011869e+02       5.388971701726e-08 
       1.142124949741e+02       5.055221081082e-08 
       1.168728457379e+02       4.742040803409e-08 
       1.195951640315e+02       4.448138707760e-08 
       1.223808932641e+02       4.172185509433e-08 
       1.252315104662e+02       3.913267787101e-08 
       1.281485270728e+02       3.670270284493e-08 
       1.311334897247e+02       3.442192542759e-08 
       1.341879810886e+02       3.228202422739e-08 
       1.373136206963e+02       3.027365131176e-08 
       1.405120658032e+02       2.838936096047e-08 
       1.437850122673e+02       2.662076642859e-08 
       1.471341954482e+02       2.496139258300e-08 
       1.505613911270e+02       2.340458530597e-08 
       1.540684164483e+02       2.194374109327e-08 
       1.576571308833e+02       2.057312816593e-08 
       1.613294372160e+02       1.928712190707e-08 
       1.650872825517e+02       1.808068815122e-08 
       1.689326593498e+02       1.694880039051e-08 
       1.728676064800e+02       1.588702487582e-08 
       1.768942103034e+02       1.489089444762e-08 
       1.810146057785e+02       1.395656080239e-08 
       1.852309775936e+02       1.308018617822e-08 
       1.895455613248e+02       1.225791623018e-08 
       1.939606446216e+02       1.148681823957e-08 
       1.984785684195e+02       1.076350286383e-08 
       2.031017281816e+02       1.008516013375e-08 
