# Matter power spectrum P(k) at redshift z=99
# for k=1.00899e-05 to 203.102 h/Mpc,
# number of wavenumbers equal to 845
#    1:k (h/Mpc)              2:P (Mpc/h)^3        
       1.008985923246e-05       1.493219031381e-02 
       2.251775554681e-05       1.312851199576e-02 
       3.498636120247e-05       2.159535030229e-02 
       4.752690064658e-05       3.345987411094e-02 
       6.017107953230e-05       4.474894577759e-02 
       7.295134796122e-05       5.755144089454e-02 
       8.590117158737e-05       6.884491301660e-02 
       9.905531395762e-05       7.885623685510e-02 
       1.124501334903e-04       8.842285425803e-02 
       1.261238985241e-04       9.850634414155e-02 
       1.401171238832e-04       1.083223567919e-01 
       1.544729323814e-04       1.187585451804e-01 
       1.692374445844e-04       1.296997733125e-01 
       1.844601999316e-04       1.406698863397e-01 
       2.001946119095e-04       1.517441843747e-01 
       2.164984592990e-04       1.634016533408e-01 
       2.334344144703e-04       1.757024006388e-01 
       2.510706081373e-04       1.882796357002e-01 
       2.694812277303e-04       2.016582186431e-01 
       2.887471433953e-04       2.154174498503e-01 
       3.089565513139e-04       2.298105769746e-01 
       3.302056182976e-04       2.448940175711e-01 
       3.525991041420e-04       2.607536781712e-01 
       3.762509287930e-04       2.774380370778e-01 
       4.012846398372e-04       2.950900759890e-01 
       4.278337222871e-04       3.137625571615e-01 
       4.560416775835e-04       3.334971694934e-01 
       4.860617833145e-04       3.545085589156e-01 
       5.180564313506e-04       3.767932855918e-01 
       5.521959330389e-04       4.005814671667e-01 
       5.886566801031e-04       4.258133659926e-01 
       6.276185643138e-04       4.527033304044e-01 
       6.692615934693e-04       4.813872331017e-01 
       7.137617003222e-04       5.118790553008e-01 
       7.612858261435e-04       5.443483064582e-01 
       8.119864671932e-04       5.788796209285e-01 
       8.659959882004e-04       6.154832837815e-01 
       9.234211115548e-04       6.542255690760e-01 
       9.843380583382e-04       6.951906318229e-01 
       1.048788822492e-03       7.383201029442e-01 
       1.116778986862e-03       7.835870737300e-01 
       1.188277341593e-03       8.309854695974e-01 
       1.263217364035e-03       8.803916954996e-01 
       1.341500403710e-03       9.317033711637e-01 
       1.423000229794e-03       9.847771364385e-01 
       1.507568477172e-03       1.039585127058e+00 
       1.595040487037e-03       1.095871373939e+00 
       1.685241074673e-03       1.153512426906e+00 
       1.777989849548e-03       1.212372347743e+00 
       1.873105833077e-03       1.272286050492e+00 
       1.970411240942e-03       1.333099075548e+00 
       2.069734400901e-03       1.394655741985e+00 
       2.170911853969e-03       1.456835387612e+00 
       2.273789735124e-03       1.519505150110e+00 
       2.378224553043e-03       1.582520876752e+00 
       2.484083492891e-03       1.645794460329e+00 
       2.591244358339e-03       1.709197570430e+00 
       2.699595254278e-03       1.772641065052e+00 
       2.809034094327e-03       1.836031326352e+00 
       2.919467999818e-03       1.899287023874e+00 
       3.030812641170e-03       1.962337505276e+00 
       3.142991559080e-03       2.025098821875e+00 
       3.255935491967e-03       2.087516753266e+00 
       3.369581727509e-03       2.149533535020e+00 
       3.483873489548e-03       2.211092760401e+00 
       3.598759366763e-03       2.272144934114e+00 
       3.714192786088e-03       2.332650144062e+00 
       3.830131531369e-03       2.392568459955e+00 
       3.946537306183e-03       2.451858638529e+00 
       4.063375338686e-03       2.510496344561e+00 
       4.180614025754e-03       2.568445330565e+00 
       4.298224613405e-03       2.625685057042e+00 
       4.416180910359e-03       2.682190000449e+00 
       4.534459031676e-03       2.737938043221e+00 
       4.653037169509e-03       2.792914218231e+00 
       4.771895388214e-03       2.847101684872e+00 
       4.891015441268e-03       2.900486597491e+00 
       5.010380607654e-03       2.953056659991e+00 
       5.129975545600e-03       3.004801962822e+00 
       5.249786161774e-03       3.055715965555e+00 
       5.369799494223e-03       3.105790788443e+00 
       5.490003607536e-03       3.155022016425e+00 
       5.610387498875e-03       3.203403969880e+00 
       5.730941013670e-03       3.250937783326e+00 
       5.851654769906e-03       3.297621848631e+00 
       5.972520090067e-03       3.343453943815e+00 
       6.093528939880e-03       3.388436483463e+00 
       6.214673873133e-03       3.432571266560e+00 
       6.335947981902e-03       3.475863387702e+00 
       6.457344851613e-03       3.518313050449e+00 
       6.578858520406e-03       3.559925222788e+00 
       6.700483442374e-03       3.600704552830e+00 
       6.822214454238e-03       3.640659678979e+00 
       6.944046745134e-03       3.679792418370e+00 
       7.065975829162e-03       3.718114502329e+00 
       7.187997520434e-03       3.755633721146e+00 
       7.310107910369e-03       3.792353684675e+00 
       7.432303346994e-03       3.828278510193e+00 
       7.554580416072e-03       3.863423870894e+00 
       7.676935923868e-03       3.897799797128e+00 
       7.799366881390e-03       3.931407348278e+00 
       7.921870489981e-03       3.964253471267e+00 
       8.044444128110e-03       3.996360164983e+00 
       8.167085339271e-03       4.027725141278e+00 
       8.289791820870e-03       4.058362426298e+00 
       8.412561414027e-03       4.088283950249e+00 
       8.535392094189e-03       4.117488527988e+00 
       8.658281962499e-03       4.145994541925e+00 
       8.781229237845e-03       4.173807454386e+00 
       8.904232249532e-03       4.200938919108e+00 
       9.027289430517e-03       4.227395948540e+00 
       9.150399311169e-03       4.253185971172e+00 
       9.273560513504e-03       4.278325618964e+00 
       9.396771745844e-03       4.302814625279e+00 
       9.520031797890e-03       4.326665460782e+00 
       9.643339536152e-03       4.349886038022e+00 
       9.766693899710e-03       4.372481849676e+00 
       9.890093896300e-03       4.394468228735e+00 
       1.001353859866e-02       4.415848089044e+00 
       1.013702714118e-02       4.436636114297e+00 
       1.026055871672e-02       4.456828540346e+00 
       1.038413257374e-02       4.476441179788e+00 
       1.050774801356e-02       4.495485627238e+00 
       1.063140438788e-02       4.513953650774e+00 
       1.075510109639e-02       4.531869865848e+00 
       1.087883758462e-02       4.549234413453e+00 
       1.100261334193e-02       4.566053038911e+00 
       1.112642789957e-02       4.582336192255e+00 
       1.125028082899e-02       4.598085110640e+00 
       1.137417174014e-02       4.613316531123e+00 
       1.149810028000e-02       4.628021482554e+00 
       1.162206613114e-02       4.642222147346e+00 
       1.174606901039e-02       4.655912137733e+00 
       1.187010866765e-02       4.669107955848e+00 
       1.199418488471e-02       4.681812830828e+00 
       1.211829747421e-02       4.694026359076e+00 
       1.224244627862e-02       4.705764170158e+00 
       1.236663116941e-02       4.717022920290e+00 
       1.249085204607e-02       4.727821786431e+00 
       1.261510883545e-02       4.738149409893e+00 
       1.273940149094e-02       4.748026660221e+00 
       1.286372999182e-02       4.757450012229e+00 
       1.298809434267e-02       4.766425399262e+00 
       1.311249457272e-02       4.774960795362e+00 
       1.323693073542e-02       4.783061643454e+00 
       1.336140290784e-02       4.790730005092e+00 
       1.348591119034e-02       4.797980256366e+00 
       1.361045570605e-02       4.804807723284e+00 
       1.373503660061e-02       4.811219274776e+00 
       1.385965404174e-02       4.817224306953e+00 
       1.398430821900e-02       4.822825379918e+00 
       1.410899934352e-02       4.828025652143e+00 
       1.423372764771e-02       4.832836850114e+00 
       1.435849338511e-02       4.837258061053e+00 
       1.448329683018e-02       4.841297103877e+00 
       1.460813827812e-02       4.844957322448e+00 
       1.473301804481e-02       4.848243311109e+00 
       1.485793646664e-02       4.851160195760e+00 
       1.498289390044e-02       4.853715880020e+00 
       1.510789072347e-02       4.855912384194e+00 
       1.523292733332e-02       4.857756156284e+00 
       1.535800414793e-02       4.859249405029e+00 
       1.548312160558e-02       4.860396466375e+00 
       1.560828016494e-02       4.861208628623e+00 
       1.573348030509e-02       4.861678817333e+00 
       1.585872252561e-02       4.861832384293e+00 
       1.598400734663e-02       4.861659418395e+00 
       1.610933530896e-02       4.861151377539e+00 
       1.623470697422e-02       4.860333653770e+00 
       1.636012292492e-02       4.859213092762e+00 
       1.648558376469e-02       4.857775380689e+00 
       1.661109011841e-02       4.856037219356e+00 
       1.673664263240e-02       4.854003976252e+00 
       1.686224197463e-02       4.851675086423e+00 
       1.698788883495e-02       4.849053739339e+00 
       1.711358392534e-02       4.846156872910e+00 
       1.723932798012e-02       4.842964804435e+00 
       1.736512175629e-02       4.839519597887e+00 
       1.749096603375e-02       4.835785047803e+00 
       1.761686161566e-02       4.831790820442e+00 
       1.774280932873e-02       4.827522664834e+00 
       1.786881002356e-02       4.823003689686e+00 
       1.799486457501e-02       4.818229583275e+00 
       1.812097388257e-02       4.813201763875e+00 
       1.824713887072e-02       4.807930236548e+00 
       1.837336048938e-02       4.802410989606e+00 
       1.849963971429e-02       4.796653526762e+00 
       1.862597754748e-02       4.790659659529e+00 
       1.875237501771e-02       4.784436378579e+00 
       1.887883318094e-02       4.777975654261e+00 
       1.900535312085e-02       4.771312419460e+00 
       1.913193594933e-02       4.764421754265e+00 
       1.925858280700e-02       4.757305661825e+00 
       1.938529486380e-02       4.749981374669e+00 
       1.951207331950e-02       4.742443453415e+00 
       1.963891940434e-02       4.734705783160e+00 
       1.976583437961e-02       4.726763570279e+00 
       1.989281953829e-02       4.718627234360e+00 
       2.001987620571e-02       4.710293716271e+00 
       2.014700574018e-02       4.701773484140e+00 
       2.027420953374e-02       4.693049506227e+00 
       2.040148901283e-02       4.684165176257e+00 
       2.052884563906e-02       4.675086386072e+00 
       2.065628090997e-02       4.665830483888e+00 
       2.078379635978e-02       4.656393218271e+00 
       2.091139356027e-02       4.646802261645e+00 
       2.103907412157e-02       4.637031028337e+00 
       2.116683969302e-02       4.627103284489e+00 
       2.129469196411e-02       4.617013582079e+00 
       2.142263266535e-02       4.606765135172e+00 
       2.155066356926e-02       4.596362652559e+00 
       2.167878649131e-02       4.585804273051e+00 
       2.180700329099e-02       4.575091705906e+00 
       2.193531587278e-02       4.564243009793e+00 
       2.206372618728e-02       4.553254124860e+00 
       2.219223623229e-02       4.542116572314e+00 
       2.232084805397e-02       4.530857493293e+00 
       2.244956374803e-02       4.519450230218e+00 
       2.257838546090e-02       4.507918899070e+00 
       2.270731539105e-02       4.496260453747e+00 
       2.283635579024e-02       4.484473484583e+00 
       2.296550896486e-02       4.472568029628e+00 
       2.309477727734e-02       4.460547753569e+00 
       2.322416314755e-02       4.448408145978e+00 
       2.335366905427e-02       4.436151953547e+00 
       2.348329753672e-02       4.423789138874e+00 
       2.361305119610e-02       4.411319483040e+00 
       2.374293269725e-02       4.398742559097e+00 
       2.387294477028e-02       4.386064074635e+00 
       2.400309021230e-02       4.373285624555e+00 
       2.413337188923e-02       4.360406341898e+00 
       2.426379273761e-02       4.347437716547e+00 
       2.439435576650e-02       4.334376223112e+00 
       2.452506405949e-02       4.321223633945e+00 
       2.465592077667e-02       4.307984255456e+00 
       2.478692915676e-02       4.294660789618e+00 
       2.491809251927e-02       4.281253377814e+00 
       2.504941426679e-02       4.267766828864e+00 
       2.518089788722e-02       4.254204658885e+00 
       2.531254695627e-02       4.240572126630e+00 
       2.544436513988e-02       4.226854288698e+00 
       2.557635619681e-02       4.213073345049e+00 
       2.570852398133e-02       4.199224677085e+00 
       2.584087244594e-02       4.185303960600e+00 
       2.597340564424e-02       4.171325662277e+00 
       2.610612773389e-02       4.157284028787e+00 
       2.623904297966e-02       4.143180608624e+00 
       2.637215575665e-02       4.129021939044e+00 
       2.650547055353e-02       4.114806816594e+00 
       2.663899197597e-02       4.100538220758e+00 
       2.677272475021e-02       4.086219401588e+00 
       2.690667372668e-02       4.071849706731e+00 
       2.704084388387e-02       4.057433376169e+00 
       2.717524033223e-02       4.042970666627e+00 
       2.730986831833e-02       4.028463835166e+00 
       2.744473322907e-02       4.013915094731e+00 
       2.757984059617e-02       3.999327542749e+00 
       2.771519610072e-02       3.984699754518e+00 
       2.785080557800e-02       3.970036017757e+00 
       2.798667502244e-02       3.955337754891e+00 
       2.812281059279e-02       3.940606261855e+00 
       2.825921861753e-02       3.925842819254e+00 
       2.839590560043e-02       3.911049299968e+00 
       2.853287822642e-02       3.896227782282e+00 
       2.867014336763e-02       3.881379267661e+00 
       2.880770808975e-02       3.866506087104e+00 
       2.894557965859e-02       3.851608503406e+00 
       2.908376554696e-02       3.836688829037e+00 
       2.922227344183e-02       3.821749303882e+00 
       2.936111125182e-02       3.806790134277e+00 
       2.950028711498e-02       3.791811003930e+00 
       2.963980940692e-02       3.776817108231e+00 
       2.977968674934e-02       3.761807384684e+00 
       2.991992801888e-02       3.746783931642e+00 
       3.006054235642e-02       3.731748918480e+00 
       3.020153917674e-02       3.716699421976e+00 
       3.034292817872e-02       3.701642339921e+00 
       3.048471935591e-02       3.686574939478e+00 
       3.062692300766e-02       3.671501812794e+00 
       3.076954975073e-02       3.656419251672e+00 
       3.091261053153e-02       3.641332878553e+00 
       3.105611663883e-02       3.626239484652e+00 
       3.120007971717e-02       3.611143651644e+00 
       3.134451178094e-02       3.596046505671e+00 
       3.148942522908e-02       3.580946496765e+00 
       3.163483286058e-02       3.565845147653e+00 
       3.178074789075e-02       3.550744950292e+00 
       3.192718396829e-02       3.535645474768e+00 
       3.207415519325e-02       3.520549025315e+00 
       3.222167613596e-02       3.505454009888e+00 
       3.236976185693e-02       3.490362495039e+00 
       3.251842792776e-02       3.475275701996e+00 
       3.266769045326e-02       3.460193292330e+00 
       3.281756609471e-02       3.445117974741e+00 
       3.296807209441e-02       3.430047975399e+00 
       3.311922630162e-02       3.414985990146e+00 
       3.327104719986e-02       3.399929009001e+00 
       3.342355393590e-02       3.384881599330e+00 
       3.357676635028e-02       3.369843847941e+00 
       3.373070500968e-02       3.354812501615e+00 
       3.388539124115e-02       3.339792085720e+00 
       3.404084716837e-02       3.324780408205e+00 
       3.419709575014e-02       3.309781114132e+00 
       3.435416082110e-02       3.294791309144e+00 
       3.451206713503e-02       3.279813586888e+00 
       3.467084041087e-02       3.264846700570e+00 
       3.483050738153e-02       3.249889380108e+00 
       3.499109584590e-02       3.234944333246e+00 
       3.515263472420e-02       3.220013021169e+00 
       3.531515411689e-02       3.205092523733e+00 
       3.547868536756e-02       3.190184577839e+00 
       3.564326112997e-02       3.175286881974e+00 
       3.580891543965e-02       3.160402390509e+00 
       3.597568379052e-02       3.145531251846e+00 
       3.614360321665e-02       3.130670840474e+00 
       3.631271238004e-02       3.115821172831e+00 
       3.648305166451e-02       3.100984607397e+00 
       3.665466327647e-02       3.086158964684e+00 
       3.682759135313e-02       3.071345130613e+00 
       3.700188207881e-02       3.056541898205e+00 
       3.717758380999e-02       3.041749480779e+00 
       3.735474721006e-02       3.026965568092e+00 
       3.753342539455e-02       3.012193530587e+00 
       3.771367408789e-02       2.997427634047e+00 
       3.789555179276e-02       2.982671546832e+00 
       3.807911997330e-02       2.967924003488e+00 
       3.826444325354e-02       2.953184536054e+00 
       3.845158963247e-02       2.938450518668e+00 
       3.864063071772e-02       2.923720056080e+00 
       3.883164197941e-02       2.908997959322e+00 
       3.902470302655e-02       2.894276672816e+00 
       3.921989790844e-02       2.879560286516e+00 
       3.941731544346e-02       2.864843683946e+00 
       3.961704957874e-02       2.850127713686e+00 
       3.981919978381e-02       2.835411338251e+00 
       4.002387148228e-02       2.820693600617e+00 
       4.023117652610e-02       2.805971263573e+00 
       4.044123371715e-02       2.791243637804e+00 
       4.065416938230e-02       2.776508835183e+00 
       4.087011800809e-02       2.761766873503e+00 
       4.108922294299e-02       2.747014552177e+00 
       4.131163717544e-02       2.732248072499e+00 
       4.153752419801e-02       2.717466333199e+00 
       4.176705896879e-02       2.702669687812e+00 
       4.200042898355e-02       2.687851010559e+00 
       4.223783547389e-02       2.673009547768e+00 
       4.247949474925e-02       2.658146672587e+00 
       4.272563970381e-02       2.643253540026e+00 
       4.297652151252e-02       2.628327029119e+00 
       4.323241154501e-02       2.613366860398e+00 
       4.349360353122e-02       2.598369577068e+00 
       4.376041601845e-02       2.583327481387e+00 
       4.403319516735e-02       2.568238283254e+00 
       4.431231794305e-02       2.553097466000e+00 
       4.459819576870e-02       2.537899151286e+00 
       4.489127872208e-02       2.522642167208e+00 
       4.519206037239e-02       2.507312448100e+00 
       4.550108337449e-02       2.491904680953e+00 
       4.581894596305e-02       2.476418879341e+00 
       4.614630952020e-02       2.460840620105e+00 
       4.648390742907e-02       2.445160095274e+00 
       4.683255547441e-02       2.429372113341e+00 
       4.719316411280e-02       2.413469795211e+00 
       4.756675301229e-02       2.397436939339e+00 
       4.795446835950e-02       2.381263039101e+00 
       4.835760355679e-02       2.364944086648e+00 
       4.877762409092e-02       2.348423389778e+00 
       4.921619755703e-02       2.331693272907e+00 
       4.967523007969e-02       2.314745052036e+00 
       5.015691069999e-02       2.297539313623e+00 
       5.066376571099e-02       2.280055656632e+00 
       5.119872543759e-02       2.262246249204e+00 
       5.176520658204e-02       2.244071454481e+00 
       5.236721398511e-02       2.225474710098e+00 
       5.300946643626e-02       2.206381342726e+00 
       5.369755186298e-02       2.186708194542e+00 
       5.443811750858e-02       2.166343610433e+00 
       5.523909986108e-02       2.145143318078e+00 
       5.610999569786e-02       2.122922744030e+00 
       5.706216693470e-02       2.099433347810e+00 
       5.810915311482e-02       2.074343266068e+00 
       5.926692833934e-02       2.047205468683e+00 
       6.055397336706e-02       2.017419729695e+00 
       6.199093018728e-02       1.984170214894e+00 
       6.359947940447e-02       1.946420706762e+00 
       6.540001142378e-02       1.902860193676e+00 
       6.740785583238e-02       1.852040078577e+00 
       6.962856953198e-02       1.792599332143e+00 
       7.205402575154e-02       1.723696855119e+00 
       7.466181557293e-02       1.645511157613e+00 
       7.741925944084e-02       1.559554603373e+00 
       8.029037150168e-02       1.468595457047e+00 
       8.324228134396e-02       1.376189995530e+00 
       8.624873566557e-02       1.286053190836e+00 
       8.929066761749e-02       1.201482983168e+00 
       9.235510010565e-02       1.124984375815e+00 
       9.543357073889e-02       1.058102791665e+00 
       9.852071037994e-02       1.001424967949e+00 
       1.016131705477e-01       9.546825929079e-01 
       1.047088850041e-01       9.169237806731e-01 
       1.078065869454e-01       8.866863429655e-01 
       1.109055026726e-01       8.621839782748e-01 
       1.140051606747e-01       8.414845033278e-01 
       1.171052739085e-01       8.226778231159e-01 
       1.202056676777e-01       8.040423272476e-01 
       1.233062356186e-01       7.841876476931e-01 
       1.264069129017e-01       7.621626356148e-01 
       1.295076599371e-01       7.375139648496e-01 
       1.326084524750e-01       7.102752070054e-01 
       1.357092755935e-01       6.809191247135e-01 
       1.388101200478e-01       6.502186374138e-01 
       1.419109800535e-01       6.191343520633e-01 
       1.450118519396e-01       5.886656360890e-01 
       1.481127333302e-01       5.597304368163e-01 
       1.512136226471e-01       5.330764199185e-01 
       1.543145188064e-01       5.092245391599e-01 
       1.574154210335e-01       4.884427843923e-01 
       1.605163287508e-01       4.707525576570e-01 
       1.636172415074e-01       4.559600290017e-01 
       1.667181589372e-01       4.436913582568e-01 
       1.698190807317e-01       4.334471254225e-01 
       1.729200066233e-01       4.246535469064e-01 
       1.760209363751e-01       4.167308921365e-01 
       1.791218697736e-01       4.091902346477e-01 
       1.822228066242e-01       4.014458128528e-01 
       1.853237467480e-01       3.931089696675e-01 
       1.884246899796e-01       3.839353656372e-01 
       1.915256361651e-01       3.738393919362e-01 
       1.946265851615e-01       3.628916865165e-01 
       1.977275368348e-01       3.512896344468e-01 
       2.008284910597e-01       3.393135730115e-01 
       2.039294477188e-01       3.272784989811e-01 
       2.070304067018e-01       3.154980983310e-01 
       2.101313679048e-01       3.042445931095e-01 
       2.132323312304e-01       2.937337891268e-01 
       2.163332965866e-01       2.841188550548e-01 
       2.194342638866e-01       2.754832847561e-01 
       2.225352330487e-01       2.678461246822e-01 
       2.256362039955e-01       2.611551191632e-01 
       2.287371766540e-01       2.553092871034e-01 
       2.318381509550e-01       2.501551104934e-01 
       2.349391268330e-01       2.455093217362e-01 
       2.380401042261e-01       2.411802013533e-01 
       2.411410830753e-01       2.369846653058e-01 
       2.442420633249e-01       2.327691287076e-01 
       2.473430449220e-01       2.284144384147e-01 
       2.504440278160e-01       2.238465898549e-01 
       2.535450119592e-01       2.190344031670e-01 
       2.566459973060e-01       2.139854809942e-01 
       2.597469838130e-01       2.087413725468e-01 
       2.628479714390e-01       2.033750002635e-01 
       2.659489601445e-01       1.979755329353e-01 
       2.690499498920e-01       1.926433739488e-01 
       2.721509406458e-01       1.874765720142e-01 
       2.752519323715e-01       1.825587893311e-01 
       2.783529250366e-01       1.779520649566e-01 
       2.814539186098e-01       1.736898151625e-01 
       2.845549130613e-01       1.697799039226e-01 
       2.876559083625e-01       1.662055510312e-01 
       2.907569044861e-01       1.629327645755e-01 
       2.938579014059e-01       1.599151027049e-01 
       2.969588990968e-01       1.570989189029e-01 
       3.000598975348e-01       1.544276506610e-01 
       3.031608966969e-01       1.518450144993e-01 
       3.062618965610e-01       1.492988356460e-01 
       3.093628971058e-01       1.467453442847e-01 
       3.124638983110e-01       1.441533509147e-01 
       3.155649001570e-01       1.415064897087e-01 
       3.186659026250e-01       1.388039069874e-01 
       3.217669056970e-01       1.360579814901e-01 
       3.248679093555e-01       1.332901993452e-01 
       3.279689135839e-01       1.305284267164e-01 
       3.310699183660e-01       1.278000202740e-01 
       3.341709236865e-01       1.251322025750e-01 
       3.372719295303e-01       1.225487625193e-01 
       3.403729358830e-01       1.200696047992e-01 
       3.434739427310e-01       1.177095450243e-01 
       3.465749500607e-01       1.154759204943e-01 
       3.496759578594e-01       1.133704876924e-01 
       3.527769661145e-01       1.113860934602e-01 
       3.558779748142e-01       1.095087707000e-01 
       3.589789839468e-01       1.077203890152e-01 
       3.620799935012e-01       1.060009290135e-01 
       3.651810034666e-01       1.043306710965e-01 
       3.682820138325e-01       1.026928363841e-01 
       3.713830245890e-01       1.010751993945e-01 
       3.744840357261e-01       9.946801125536e-02 
       3.775850472346e-01       9.786529966605e-02 
       3.806860591053e-01       9.626384690715e-02 
       3.837870713295e-01       9.466366552768e-02 
       3.868880838984e-01       9.306789432857e-02 
       3.899890968040e-01       9.148254363558e-02 
       3.930901100382e-01       8.991581810959e-02 
       3.961911235933e-01       8.837674350950e-02 
       3.992921374617e-01       8.687369712504e-02 
       4.023931516362e-01       8.541321349669e-02 
       4.054941661097e-01       8.399928248371e-02 
       4.085951808755e-01       8.263350154609e-02 
       4.116961959268e-01       8.131582367425e-02 
       4.147972112573e-01       8.004508769308e-02 
       4.178982268607e-01       7.881915204729e-02 
       4.209992427309e-01       7.763511440761e-02 
       4.241002588621e-01       7.648905393793e-02 
       4.272012752486e-01       7.537593910745e-02 
       4.303022918849e-01       7.428975868134e-02 
       4.334033087655e-01       7.322483898928e-02 
       4.365043258852e-01       7.217591083592e-02 
       4.396053432390e-01       7.113947417936e-02 
       4.427063608219e-01       7.011350980984e-02 
       4.458073786292e-01       6.909757168153e-02 
       4.489083966560e-01       6.809207968452e-02 
       4.520094148981e-01       6.709790973065e-02 
       4.551104333508e-01       6.611620854020e-02 
       4.582114520099e-01       6.514833174032e-02 
       4.613124708713e-01       6.419613142630e-02 
       4.644134899308e-01       6.326180235230e-02 
       4.675145091846e-01       6.234793316461e-02 
       4.706155286287e-01       6.145667772628e-02 
       4.737165482595e-01       6.058943842480e-02 
       4.768175680732e-01       5.974644927253e-02 
       4.799185880663e-01       5.892677683073e-02 
       4.830196082354e-01       5.812865776293e-02 
       4.861206285770e-01       5.735010006332e-02 
       4.892216490879e-01       5.658909145871e-02 
       4.923226697648e-01       5.584394469066e-02 
       4.954236906047e-01       5.511324335610e-02 
       4.985247116044e-01       5.439553087551e-02 
       5.016257327611e-01       5.368934077258e-02 
       5.047267540718e-01       5.299317023031e-02 
       5.078277755336e-01       5.230586318380e-02 
       5.109287971439e-01       5.162694710849e-02 
       5.140298188999e-01       5.095649028137e-02 
       5.171308407990e-01       5.029518646469e-02 
       5.202318628386e-01       4.964409326093e-02 
       5.233328850162e-01       4.900394742192e-02 
       5.264339073294e-01       4.837547599061e-02 
       5.295349297758e-01       4.775868613039e-02 
       5.326359523530e-01       4.715358318159e-02 
       5.357369750589e-01       4.655991136198e-02 
       5.388379978910e-01       4.597782530696e-02 
       5.419390208474e-01       4.540742045278e-02 
       5.450400439257e-01       4.484875311983e-02 
       5.481410671241e-01       4.430162578474e-02 
       5.512420904404e-01       4.376544454750e-02 
       5.543431138726e-01       4.323928113190e-02 
       5.574441374189e-01       4.272227911098e-02 
       5.605451610773e-01       4.221357099203e-02 
       5.636461848459e-01       4.171274381732e-02 
       5.667472087230e-01       4.121959415790e-02 
       5.698482327068e-01       4.073404037735e-02 
       5.729492567955e-01       4.025598040455e-02 
       5.760502809874e-01       3.978516449935e-02 
       5.791513052809e-01       3.932115860215e-02 
       5.822523296743e-01       3.886367458820e-02 
       5.853533541661e-01       3.841256156226e-02 
       5.884543787547e-01       3.796797342242e-02 
       5.915554034386e-01       3.753033377970e-02 
       5.946564282162e-01       3.709995480949e-02 
       5.977574530862e-01       3.667698562954e-02 
       6.008584780470e-01       3.626138881570e-02 
       6.039595030973e-01       3.585295335453e-02 
       6.070605282357e-01       3.545125269369e-02 
       6.101615534608e-01       3.505602568630e-02 
       6.132625787714e-01       3.466713832216e-02 
       6.163636041661e-01       3.428466131265e-02 
       6.194646296437e-01       3.390851933797e-02 
       6.225656552030e-01       3.353854645190e-02 
       6.256666808426e-01       3.317444862426e-02 
       6.287677065615e-01       3.281581172232e-02 
       6.318687323584e-01       3.246215742125e-02 
       6.349697582322e-01       3.211328949832e-02 
       6.380707841818e-01       3.176918834494e-02 
       6.411718102061e-01       3.142997373527e-02 
       6.442728363040e-01       3.109571968208e-02 
       6.473738624744e-01       3.076648225543e-02 
       6.504748887164e-01       3.044211926617e-02 
       6.535759150288e-01       3.012239539464e-02 
       6.566769414106e-01       2.980713681312e-02 
       6.597779678610e-01       2.949622896368e-02 
       6.628789943789e-01       2.918972621924e-02 
       6.659800209635e-01       2.888782165484e-02 
       6.690810476136e-01       2.859052525316e-02 
       6.721820743285e-01       2.829789425125e-02 
       6.752831011073e-01       2.800970565863e-02 
       6.783841279490e-01       2.772573027900e-02 
       6.814851548529e-01       2.744570007606e-02 
       6.845861818180e-01       2.716947626474e-02 
       6.876872088436e-01       2.689704635837e-02 
       6.907882359288e-01       2.662845187186e-02 
       6.938892630728e-01       2.636373269798e-02 
       6.969902902749e-01       2.610284465024e-02 
       7.000913175342e-01       2.584558971229e-02 
       7.031923448500e-01       2.559177140545e-02 
       7.062933722215e-01       2.534115330334e-02 
       7.093943996481e-01       2.509370797823e-02 
       7.124954271290e-01       2.484947077798e-02 
       7.155964546635e-01       2.460850404141e-02 
       7.186974822509e-01       2.437094331138e-02 
       7.217985098905e-01       2.413675956124e-02 
       7.248995375817e-01       2.390578079576e-02 
       7.280005653238e-01       2.367788596387e-02 
       7.464455758151e-01       2.238224759719e-02 
       7.651667369126e-01       2.116700775146e-02 
       7.841776806813e-01       2.002508086886e-02 
       8.034934156659e-01       1.895080279527e-02 
       8.231301147915e-01       1.793902938390e-02 
       8.431049008712e-01       1.698557122596e-02 
       8.634356368620e-01       1.608622588617e-02 
       8.841407268964e-01       1.523736405143e-02 
       9.052389329755e-01       1.443515411019e-02 
       9.267492110784e-01       1.367675459295e-02 
       9.486905693738e-01       1.295915935081e-02 
       9.710819502047e-01       1.227950167748e-02 
       9.939421365888e-01       1.163625573635e-02 
       1.017289683121e+00       1.102630962669e-02 
       1.041142870404e+00       1.044806093286e-02 
       1.065519681468e+00       9.900053671492e-03 
       1.090437798090e+00       9.380235491390e-03 
       1.115914614496e+00       8.887234765419e-03 
       1.141967265644e+00       8.419615660053e-03 
       1.168612667124e+00       7.976080098389e-03 
       1.195867563719e+00       7.555387034846e-03 
       1.223748583763e+00       7.156131645069e-03 
       1.252272296696e+00       6.777366091527e-03 
       1.281455271503e+00       6.417951849407e-03 
       1.311314134122e+00       6.077194210571e-03 
       1.341865622330e+00       5.754026374286e-03 
       1.373126636993e+00       5.447459451347e-03 
       1.405114289018e+00       5.156766688296e-03 
       1.437845941636e+00       4.881191364087e-03 
       1.471339247998e+00       4.619844172984e-03 
       1.505612184263e+00       4.372048933520e-03 
       1.540683078543e+00       4.137220050621e-03 
       1.576570636173e+00       3.914600513876e-03 
       1.613293961846e+00       3.703694780726e-03 
       1.650872579130e+00       3.503774326854e-03 
       1.689326447901e+00       3.314409730589e-03 
       1.728675980162e+00       3.134970438103e-03 
       1.768942054649e+00       2.964973464090e-03 
       1.810146030594e+00       2.803972912533e-03 
       1.852309760920e+00       2.651480035967e-03 
       1.895455605103e+00       2.507069767280e-03 
       1.939606441877e+00       2.370318700101e-03 
       1.984785681927e+00       2.240876452403e-03 
       2.031017280652e+00       2.118312394374e-03 
       2.078325751098e+00       2.002288438233e-03 
       2.126736177086e+00       1.892466543841e-03 
       2.176274226598e+00       1.788527210615e-03 
       2.226966165435e+00       1.690157559238e-03 
       2.278838871173e+00       1.597077121349e-03 
       2.331919847426e+00       1.509029550689e-03 
       2.386237238440e+00       1.425687727778e-03 
       2.441819844018e+00       1.346884367754e-03 
       2.498697134798e+00       1.272307842858e-03 
       2.556899267871e+00       1.201781899734e-03 
       2.616457102781e+00       1.135109467908e-03 
       2.677402217879e+00       1.072031195449e-03 
       2.739766927072e+00       1.012395719849e-03 
       2.803584296956e+00       9.559999009509e-04 
       2.868888164343e+00       9.026886713884e-04 
       2.935713154210e+00       8.522898623512e-04 
       3.004094698049e+00       8.046311816299e-04 
       3.074069052662e+00       7.596008611590e-04 
       3.145673319376e+00       7.170415938134e-04 
       3.218945463722e+00       6.768226621497e-04 
       3.293924335560e+00       6.388159291608e-04 
       3.370649689682e+00       6.029006959734e-04 
       3.449162206885e+00       5.689745883162e-04 
       3.529503515545e+00       5.369159700906e-04 
       3.611716213687e+00       5.066313678373e-04 
       3.695843891573e+00       4.780276068368e-04 
       3.781931154810e+00       4.510068085759e-04 
       3.870023648006e+00       4.254911330321e-04 
       3.960168078965e+00       4.013919381156e-04 
       4.052412243459e+00       3.786346227366e-04 
       4.146805050564e+00       3.571451784182e-04 
       4.243396548597e+00       3.368571232570e-04 
       4.342237951647e+00       3.176965445234e-04 
       4.443381666736e+00       2.996121691878e-04 
       4.546881321600e+00       2.825419515585e-04 
       4.652791793125e+00       2.664280239159e-04 
       4.761169236447e+00       2.512201973176e-04 
       4.872071114719e+00       2.368719804327e-04 
       4.985556229585e+00       2.233136790314e-04 
       5.101684752356e+00       2.105215065430e-04 
       5.220518255912e+00       1.984689096286e-04 
       5.342119747348e+00       1.870873285595e-04 
       5.466553701386e+00       1.763485627721e-04 
       5.593886094555e+00       1.662159846818e-04 
       5.724184440174e+00       1.566620338249e-04 
       5.857517824153e+00       1.476464032912e-04 
       5.993956941615e+00       1.391406691478e-04 
       6.133574134388e+00       1.311169139163e-04 
       6.276443429353e+00       1.235537665373e-04 
       6.422640577704e+00       1.164150878470e-04 
       6.572243095102e+00       1.096900333480e-04 
       6.725330302784e+00       1.033448902385e-04 
       6.881983369612e+00       9.735993214062e-05 
       7.042285355117e+00       9.171799165478e-05 
       7.206321253532e+00       8.639847189758e-05 
       7.374178038864e+00       8.138532309333e-05 
       7.545944711000e+00       7.666449993777e-05 
       7.721712342904e+00       7.220511802055e-05 
       7.901574128901e+00       6.800333123373e-05 
       8.085625434092e+00       6.404465190011e-05 
       8.273963844913e+00       6.031396138955e-05 
       8.466689220884e+00       5.679772774897e-05 
       8.663903747550e+00       5.348453245429e-05 
       8.865711990662e+00       5.036160943091e-05 
       9.072220951624e+00       4.741903616276e-05 
       9.283540124220e+00       4.464589748959e-05 
       9.499781552671e+00       4.203340171635e-05 
       9.721059891047e+00       3.957200185952e-05 
       9.947492464049e+00       3.725291510355e-05 
       1.017919932923e+01       3.506861365603e-05 
       1.041630334063e+01       3.301090035124e-05 
       1.065893021393e+01       3.107250098498e-05 
       1.090720859313e+01       2.924664610171e-05 
       1.116127011869e+01       2.752709254585e-05 
       1.142124949741e+01       2.590745739862e-05 
       1.168728457379e+01       2.438319354015e-05 
       1.195951640315e+01       2.294660357057e-05 
       1.223808932641e+01       2.159364213139e-05 
       1.252315104662e+01       2.031970761790e-05 
       1.281485270728e+01       1.912032266525e-05 
       1.311334897247e+01       1.799090551020e-05 
       1.341879810886e+01       1.692773297477e-05 
       1.373136206963e+01       1.592659664607e-05 
       1.405120658032e+01       1.498395628807e-05 
       1.437850122673e+01       1.409672871125e-05 
       1.471341954482e+01       1.326147534938e-05 
       1.505613911270e+01       1.247525197622e-05 
       1.540684164483e+01       1.173517435279e-05 
       1.576571308833e+01       1.103828182079e-05 
       1.613294372160e+01       1.038295371597e-05 
       1.650872825517e+01       9.765919044980e-06 
       1.689326593498e+01       9.185273321971e-06 
       1.728676064800e+01       8.638783983838e-06 
       1.768942103034e+01       8.124532700287e-06 
       1.810146057785e+01       7.640586373153e-06 
       1.852309775936e+01       7.185205070354e-06 
       1.895455613248e+01       6.756703074486e-06 
       1.939606446216e+01       6.354488359135e-06 
       1.984785684195e+01       5.975161038295e-06 
       2.031017281816e+01       5.618438232170e-06 
       2.078325751684e+01       5.282760779641e-06 
       2.126736177375e+01       4.966923379705e-06 
       2.176274226737e+01       4.669754220285e-06 
       2.226966165502e+01       4.390218914840e-06 
       2.278838871204e+01       4.127243326085e-06 
       2.331919847440e+01       3.879933660937e-06 
       2.386237238446e+01       3.647308221004e-06 
       2.441819844021e+01       3.428535248917e-06 
       2.498697134799e+01       3.222789155852e-06 
       2.556899267872e+01       3.029259454710e-06 
       2.616457102781e+01       2.847279574827e-06 
       2.677402217879e+01       2.676169592207e-06 
       2.739766927072e+01       2.515222961283e-06 
       2.803584296956e+01       2.363928108036e-06 
       2.868888164343e+01       2.221661710431e-06 
       2.935713154210e+01       2.087866413506e-06 
       3.004094698049e+01       1.962058190612e-06 
       3.074069052662e+01       1.843784652536e-06 
       3.145673319376e+01       1.732548195428e-06 
       3.218945463722e+01       1.628033878048e-06 
       3.293924335560e+01       1.529800405549e-06 
       3.370649689682e+01       1.437358983355e-06 
       3.449162206885e+01       1.350440964085e-06 
       3.529503515545e+01       1.268800892361e-06 
       3.611716213687e+01       1.192073316191e-06 
       3.695843891573e+01       1.119937380028e-06 
       3.781931154810e+01       1.052145643586e-06 
       3.870023648006e+01       9.884095436228e-07 
       3.960168078965e+01       9.285054327133e-07 
       4.052412243459e+01       8.722539188201e-07 
       4.146805050564e+01       8.193365479650e-07 
       4.243396548597e+01       7.696249660913e-07 
       4.342237951647e+01       7.229039407036e-07 
       4.443381666736e+01       6.790075216323e-07 
       4.546881321600e+01       6.377421689633e-07 
       4.652791793125e+01       5.989773970025e-07 
       4.761169236447e+01       5.625342282611e-07 
       4.872071114719e+01       5.283317897129e-07 
       4.985556229585e+01       4.961741826692e-07 
       5.101684752356e+01       4.659725468869e-07 
       5.220518255912e+01       4.375618191755e-07 
       5.342119747348e+01       4.108827686729e-07 
       5.466553701386e+01       3.858167365655e-07 
       5.593886094555e+01       3.622792686810e-07 
       5.724184440174e+01       3.401806271194e-07 
       5.857517824153e+01       3.194151509663e-07 
       5.993956941615e+01       2.998994285087e-07 
       6.133574134388e+01       2.815790249730e-07 
       6.276443429353e+01       2.643642429085e-07 
       6.422640577704e+01       2.481927715263e-07 
       6.572243095102e+01       2.330046300838e-07 
       6.725330302784e+01       2.187281304594e-07 
       6.881983369612e+01       2.053200625953e-07 
       7.042285355117e+01       1.927359831704e-07 
       7.206321253532e+01       1.809180672490e-07 
       7.374178038864e+01       1.698309974399e-07 
       7.545944711000e+01       1.594086605993e-07 
       7.721712342904e+01       1.496231187170e-07 
       7.901574128901e+01       1.404326512509e-07 
       8.085625434092e+01       1.317998219791e-07 
       8.273963844913e+01       1.236967840285e-07 
       8.466689220884e+01       1.160895395590e-07 
       8.663903747550e+01       1.089486622616e-07 
       8.865711990662e+01       1.022410563584e-07 
       9.072220951624e+01       9.594682786801e-08 
       9.283540124220e+01       9.003404305592e-08 
       9.499781552671e+01       8.447085782352e-08 
       9.721059891046e+01       7.925980572820e-08 
       9.947492464049e+01       7.437321532218e-08 
       1.017919932923e+02       6.978018357069e-08 
       1.041630334063e+02       6.546925520912e-08 
       1.065893021393e+02       6.142362114271e-08 
       1.090720859313e+02       5.762425201743e-08 
       1.116127011869e+02       5.406050918164e-08 
       1.142124949741e+02       5.071345893699e-08 
       1.168728457379e+02       4.757153342084e-08 
       1.195951640315e+02       4.462264760800e-08 
       1.223808932641e+02       4.185818749191e-08 
       1.252315104662e+02       3.925725986802e-08 
       1.281485270728e+02       3.682215429991e-08 
       1.311334897247e+02       3.453139702380e-08 
       1.341879810886e+02       3.238987907805e-08 
       1.373136206963e+02       3.037464641729e-08 
       1.405120658032e+02       2.848404585534e-08 
       1.437850122673e+02       2.670694002956e-08 
       1.471341954482e+02       2.504205613935e-08 
       1.505613911270e+02       2.348311861043e-08 
       1.540684164483e+02       2.201450981418e-08 
       1.576571308833e+02       2.064009941138e-08 
       1.613294372160e+02       1.935034922070e-08 
       1.650872825517e+02       1.813999516033e-08 
       1.689326593498e+02       1.700448656526e-08 
       1.728676064800e+02       1.593927114038e-08 
       1.768942103034e+02       1.494051857761e-08 
       1.810146057785e+02       1.400063969530e-08 
       1.852309775936e+02       1.312308370713e-08 
       1.895455613248e+02       1.229824386639e-08 
       1.939606446216e+02       1.152483406850e-08 
       1.984785684195e+02       1.079827064169e-08 
       2.031017281816e+02       1.011765546037e-08 
