# Matter power spectrum P(k) at redshift z=99
# for k=1.00899e-05 to 200.404 h/Mpc,
# number of wavenumbers equal to 797
#    1:k (h/Mpc)              2:P (Mpc/h)^3        
       1.008985870589e-05       8.603969310807e-03 
       2.251315038780e-05       1.859118776643e-02 
       3.497711552607e-05       2.837914428910e-02 
       4.751294379687e-05       3.808059833597e-02 
       6.015230526950e-05       4.775769340110e-02 
       7.292761315928e-05       5.745575895700e-02 
       8.587229442275e-05       6.721271809263e-02 
       9.902107156134e-05       7.706291533878e-02 
       1.124102590266e-04       8.703904455685e-02 
       1.260780776503e-04       9.717328879750e-02 
       1.400649905364e-04       1.074980918848e-01 
       1.544140638297e-04       1.180467409445e-01 
       1.691713556719e-04       1.288538491591e-01 
       1.843863364392e-04       1.399557846715e-01 
       2.001123429508e-04       1.513910790102e-01 
       2.164070686664e-04       1.632008213680e-01 
       2.333330908519e-04       1.754290583709e-01 
       2.509584341338e-04       1.881231975600e-01 
       2.693571676253e-04       2.013344128108e-01 
       2.886100296644e-04       2.151180655528e-01 
       3.088050699157e-04       2.295341107832e-01 
       3.300382928713e-04       2.446474936274e-01 
       3.524142793491e-04       2.605285225162e-01 
       3.760467531986e-04       2.772531770996e-01 
       4.010590489279e-04       2.949033411481e-01 
       4.275844224802e-04       3.135669029913e-01 
       4.557661323873e-04       3.333376827211e-01 
       4.857572031478e-04       3.543151216961e-01 
       5.177197688885e-04       3.766036659466e-01 
       5.518238862787e-04       4.003117634891e-01 
       5.882457055603e-04       4.255504250103e-01 
       6.271649027702e-04       4.524312721860e-01 
       6.687613103773e-04       4.810640067663e-01 
       7.132107422216e-04       5.115534150090e-01 
       7.606800931852e-04       5.439958418482e-01 
       8.113219001189e-04       5.784753975885e-01 
       8.652686660505e-04       6.150600467565e-01 
       9.226273542794e-04       6.537978884967e-01 
       9.834745268089e-04       6.947139911086e-01 
       1.047852607621e-03       7.378080574953e-01 
       1.115767679970e-03       7.830532319509e-01 
       1.187189079911e-03       8.303961851983e-01 
       1.262050848026e-03       8.797584221765e-01 
       1.340254886192e-03       9.310321268717e-01 
       1.421675479984e-03       9.841034986580e-01 
       1.506164725124e-03       1.038837459488e+00 
       1.593558355216e-03       1.095088189913e+00 
       1.683681503499e-03       1.152703302644e+00 
       1.776354022962e-03       1.211527635784e+00 
       1.871395108775e-03       1.271406523988e+00 
       1.968627088387e-03       1.332188541499e+00 
       2.067878348742e-03       1.393727420945e+00 
       2.168985447312e-03       1.455883659983e+00 
       2.271794502225e-03       1.518525357096e+00 
       2.376161980488e-03       1.581528845577e+00 
       2.481955008035e-03       1.644778882047e+00 
       2.589051317719e-03       1.708168577202e+00 
       2.697338936790e-03       1.771599225806e+00 
       2.806715698050e-03       1.834979856613e+00 
       2.917088641569e-03       1.898227076532e+00 
       3.028373358023e-03       1.961264326447e+00 
       3.140493311229e-03       2.024021660058e+00 
       3.253379166472e-03       2.086435110174e+00 
       3.366968142561e-03       2.148446405555e+00 
       3.481203398983e-03       2.210002385024e+00 
       3.596033464646e-03       2.271054933418e+00 
       3.711411711222e-03       2.331560000746e+00 
       3.827295871646e-03       2.391477961556e+00 
       3.943647602717e-03       2.450772949921e+00 
       4.060432089691e-03       2.509412659207e+00 
       4.177617690163e-03       2.567367714948e+00 
       4.295175614210e-03       2.624612686958e+00 
       4.413079637694e-03       2.681123740877e+00 
       4.531305845636e-03       2.736880298019e+00 
       4.649832402731e-03       2.791864847084e+00 
       4.768639348232e-03       2.846060754410e+00 
       4.887708412658e-03       2.899455007364e+00 
       5.007022853979e-03       2.952035493992e+00 
       5.126567311187e-03       3.003791956628e+00 
       5.246327673323e-03       3.054716903085e+00 
       5.366290962267e-03       3.104803060459e+00 
       5.486445227771e-03       3.154046651712e+00 
       5.606779453367e-03       3.202442883788e+00 
       5.727283471950e-03       3.249990185733e+00 
       5.847947889969e-03       3.296686750738e+00 
       5.968764019274e-03       3.342533362433e+00 
       6.089723815788e-03       3.387528944498e+00 
       6.210819824242e-03       3.431677628719e+00 
       6.332045128346e-03       3.474984891770e+00 
       6.453393305777e-03       3.517448977900e+00 
       6.574858387503e-03       3.559077094869e+00 
       6.696434820962e-03       3.599873896962e+00 
       6.818117436700e-03       3.639843458906e+00 
       6.939901418110e-03       3.678995925312e+00 
       7.061782273950e-03       3.717334101092e+00 
       7.183755813359e-03       3.754866744392e+00 
       7.305818123115e-03       3.791601463655e+00 
       7.427965546914e-03       3.827547161400e+00 
       7.550194666473e-03       3.862711194389e+00 
       7.672502284270e-03       3.897099614661e+00 
       7.794885407769e-03       3.930723220978e+00 
       7.917341234986e-03       3.963591462692e+00 
       8.039867141273e-03       3.995713528926e+00 
       8.162460667189e-03       4.027095263173e+00 
       8.285119507386e-03       4.057749808397e+00 
       8.407841500385e-03       4.087684688922e+00 
       8.530624619186e-03       4.116909002745e+00 
       8.653466962623e-03       4.145431552659e+00 
       8.776366747401e-03       4.173260607251e+00 
       8.899322300761e-03       4.200407919185e+00 
       9.022332053707e-03       4.226881790393e+00 
       9.145394534756e-03       4.252689102183e+00 
       9.268508364164e-03       4.277841483510e+00 
       9.391672248585e-03       4.302346843546e+00 
       9.514884976134e-03       4.326212860668e+00 
       9.638145411805e-03       4.349448960279e+00 
       9.761452493240e-03       4.372063968498e+00 
       9.884805226797e-03       4.394064063496e+00 
       1.000820268391e-02       4.415460882967e+00 
       1.013164399769e-02       4.436260125042e+00 
       1.025512835981e-02       4.456469748414e+00 
       1.037865501757e-02       4.476098312543e+00 
       1.050222327119e-02       4.495153885623e+00 
       1.062583247129e-02       4.513643973253e+00 
       1.074948201654e-02       4.531574184445e+00 
       1.087317135149e-02       4.548952578982e+00 
       1.099689996454e-02       4.565786981145e+00 
       1.112066738603e-02       4.582083456034e+00 
       1.124447318649e-02       4.597848255456e+00 
       1.136831697505e-02       4.613090032211e+00 
       1.149219839782e-02       4.627813599429e+00 
       1.161611713657e-02       4.642027257711e+00 
       1.174007290735e-02       4.655734458896e+00 
       1.186406545928e-02       4.668945199430e+00 
       1.198809457340e-02       4.681662333104e+00 
       1.211216006162e-02       4.693892931396e+00 
       1.223626176571e-02       4.705644201082e+00 
       1.236039955642e-02       4.716919811035e+00 
       1.248457333258e-02       4.727727802774e+00 
       1.260878302035e-02       4.738072113587e+00 
       1.273302857247e-02       4.747958563107e+00 
       1.285730996757e-02       4.757396692521e+00 
       1.298162720958e-02       4.766385293685e+00 
       1.310598032712e-02       4.774934437175e+00 
       1.323036937300e-02       4.783048220923e+00 
       1.335479442371e-02       4.790732412163e+00 
       1.347925557895e-02       4.797992808063e+00 
       1.360375296130e-02       4.804833389603e+00 
       1.372828671577e-02       4.811260250781e+00 
       1.385285700951e-02       4.817276013986e+00 
       1.397746403149e-02       4.822890695389e+00 
       1.410210799223e-02       4.828106807556e+00 
       1.422678912359e-02       4.832929468490e+00 
       1.435150767850e-02       4.837363784616e+00 
       1.447626393085e-02       4.841413869758e+00 
       1.460105817528e-02       4.845085938450e+00 
       1.472589072706e-02       4.848386136792e+00 
       1.485076192202e-02       4.851316585937e+00 
       1.497567211642e-02       4.853884240587e+00 
       1.510062168691e-02       4.856091616713e+00 
       1.522561103051e-02       4.857946571792e+00 
       1.535064056456e-02       4.859452702984e+00 
       1.547571072678e-02       4.860613958210e+00 
       1.560082197522e-02       4.861435963426e+00 
       1.572597478839e-02       4.861924241865e+00 
       1.585116966523e-02       4.862081896712e+00 
       1.597640712530e-02       4.861912691156e+00 
       1.610168770878e-02       4.861426817424e+00 
       1.622701197668e-02       4.860619847751e+00 
       1.635238051089e-02       4.859503900475e+00 
       1.647779391440e-02       4.858082171724e+00 
       1.660325281146e-02       4.856357919780e+00 
       1.672875784775e-02       4.854336341534e+00 
       1.685430969059e-02       4.852015569512e+00 
       1.697990902917e-02       4.849411451392e+00 
       1.710555657479e-02       4.846520055241e+00 
       1.723125306111e-02       4.843344985565e+00 
       1.735699924443e-02       4.839901943645e+00 
       1.748279590396e-02       4.836182217897e+00 
       1.760864384215e-02       4.832194754258e+00 
       1.773454388500e-02       4.827945276559e+00 
       1.786049688238e-02       4.823436660006e+00 
       1.798650370840e-02       4.818667904024e+00 
       1.811256526181e-02       4.813650507631e+00 
       1.823868246632e-02       4.808386618210e+00 
       1.836485627107e-02       4.802880223371e+00 
       1.849108765102e-02       4.797134871063e+00 
       1.861737760738e-02       4.791151377986e+00 
       1.874372716809e-02       4.784937513035e+00 
       1.887013738830e-02       4.778497222713e+00 
       1.899660935082e-02       4.771831163754e+00 
       1.912314416668e-02       4.764943357938e+00 
       1.924974297562e-02       4.757846698820e+00 
       1.937640694667e-02       4.750532191676e+00 
       1.950313727870e-02       4.743009129621e+00 
       1.962993520102e-02       4.735279371560e+00 
       1.975680197395e-02       4.727348671625e+00 
       1.988373888952e-02       4.719226269993e+00 
       2.001074727204e-02       4.710896427211e+00 
       2.013782847884e-02       4.702375210783e+00 
       2.026498390090e-02       4.693676219050e+00 
       2.039221496364e-02       4.684788426133e+00 
       2.051952312757e-02       4.675724378613e+00 
       2.064690988913e-02       4.666480250232e+00 
       2.077437678145e-02       4.657061658695e+00 
       2.090192537513e-02       4.647466935747e+00 
       2.102955727914e-02       4.637707228786e+00 
       2.115727414164e-02       4.627786548712e+00 
       2.128507765088e-02       4.617707780945e+00 
       2.141296953613e-02       4.607466262776e+00 
       2.154095156863e-02       4.597069715881e+00 
       2.166902556256e-02       4.586527098851e+00 
       2.179719337606e-02       4.575821035881e+00 
       2.192545691225e-02       4.564994393311e+00 
       2.205381812033e-02       4.553996102203e+00 
       2.218227899668e-02       4.542872262958e+00 
       2.231084158601e-02       4.531616329327e+00 
       2.243950798251e-02       4.520225813736e+00 
       2.256828033110e-02       4.508694884689e+00 
       2.269716082868e-02       4.497055372945e+00 
       2.282615172540e-02       4.485278077624e+00 
       2.295525532603e-02       4.473381067966e+00 
       2.308447399131e-02       4.461364030181e+00 
       2.321381013939e-02       4.449229096447e+00 
       2.334326624729e-02       4.436986516705e+00 
       2.347284485242e-02       4.424631545256e+00 
       2.360254855415e-02       4.412171048910e+00 
       2.373238001541e-02       4.399609362542e+00 
       2.386234196438e-02       4.386941653301e+00 
       2.399243719618e-02       4.374160551649e+00 
       2.412266857469e-02       4.361296766351e+00 
       2.425303903437e-02       4.348343823207e+00 
       2.438355158214e-02       4.335281783829e+00 
       2.451420929938e-02       4.322138169970e+00 
       2.464501534393e-02       4.308906806838e+00 
       2.477597295222e-02       4.295586646520e+00 
       2.490708544138e-02       4.282192000231e+00 
       2.503835621157e-02       4.268709670742e+00 
       2.516978874820e-02       4.255158167676e+00 
       2.530138662441e-02       4.241527456229e+00 
       2.543315350353e-02       4.227819954016e+00 
       2.556509314163e-02       4.214046628350e+00 
       2.569720939020e-02       4.200204295723e+00 
       2.582950619889e-02       4.186300715953e+00 
       2.596198761840e-02       4.172323021321e+00 
       2.609465780338e-02       4.158291523536e+00 
       2.622752101553e-02       4.144197917586e+00 
       2.636058162678e-02       4.130047122052e+00 
       2.649384412255e-02       4.115838784310e+00 
       2.662731310518e-02       4.101576916806e+00 
       2.676099329746e-02       4.087264542017e+00 
       2.689488954630e-02       4.072901846112e+00 
       2.702900682655e-02       4.058498133586e+00 
       2.716335024494e-02       4.044042596427e+00 
       2.729792504417e-02       4.029543463923e+00 
       2.743273660723e-02       4.015003349619e+00 
       2.756779046173e-02       4.000422520415e+00 
       2.770309228460e-02       3.985799927270e+00 
       2.783864790680e-02       3.971146524354e+00 
       2.797446331832e-02       3.956446936476e+00 
       2.811054467336e-02       3.941727464921e+00 
       2.824689829566e-02       3.926974777432e+00 
       2.838353068417e-02       3.912181484571e+00 
       2.852044851881e-02       3.897376414423e+00 
       2.865765866657e-02       3.882527688045e+00 
       2.879516818782e-02       3.867663388028e+00 
       2.893298434288e-02       3.852766321211e+00 
       2.907111459893e-02       3.837855582529e+00 
       2.920956663712e-02       3.822930421921e+00 
       2.934834836004e-02       3.807976202119e+00 
       2.948746789954e-02       3.793001637516e+00 
       2.962693362484e-02       3.778011208856e+00 
       2.976675415101e-02       3.763011592571e+00 
       2.990693834785e-02       3.748003161853e+00 
       3.004749534919e-02       3.732967939137e+00 
       3.018843456251e-02       3.717928322213e+00 
       3.032976567915e-02       3.702879920916e+00 
       3.047149868486e-02       3.687808590167e+00 
       3.061364387092e-02       3.672748881035e+00 
       3.075621184575e-02       3.657665275003e+00 
       3.089921354711e-02       3.642584908935e+00 
       3.104266025483e-02       3.627511186371e+00 
       3.118656360420e-02       3.612423580422e+00 
       3.133093560000e-02       3.597333261652e+00 
       3.147578863124e-02       3.582230396200e+00 
       3.162113548660e-02       3.567136179601e+00 
       3.176698937070e-02       3.552048719297e+00 
       3.191336392115e-02       3.536955084185e+00 
       3.206027322651e-02       3.521862945918e+00 
       3.220773184516e-02       3.506772290052e+00 
       3.235575482520e-02       3.491688080325e+00 
       3.250435772535e-02       3.476615890845e+00 
       3.265355663705e-02       3.461527756725e+00 
       3.280336820764e-02       3.446463367324e+00 
       3.295380966496e-02       3.431401823632e+00 
       3.310489884317e-02       3.416338809260e+00 
       3.325665421014e-02       3.401292585137e+00 
       3.340909489629e-02       3.386229839219e+00 
       3.356224072514e-02       3.371216441374e+00 
       3.371611224564e-02       3.356192034197e+00 
       3.387073076633e-02       3.341182086239e+00 
       3.402611839160e-02       3.326169831237e+00 
       3.418229806008e-02       3.311180845828e+00 
       3.433929358535e-02       3.296193359172e+00 
       3.449712969923e-02       3.281218724193e+00 
       3.465583209763e-02       3.266260114772e+00 
       3.481542748942e-02       3.251302479504e+00 
       3.497594364830e-02       3.236360261490e+00 
       3.513740946810e-02       3.221436386562e+00 
       3.529985502165e-02       3.206524491641e+00 
       3.546331162356e-02       3.191615961092e+00 
       3.562781189715e-02       3.176731495403e+00 
       3.579338984605e-02       3.161848182071e+00 
       3.596008093060e-02       3.146993836237e+00 
       3.612792214962e-02       3.132132792721e+00 
       3.629695212798e-02       3.117288929312e+00 
       3.646721121042e-02       3.102451148908e+00 
       3.663874156220e-02       3.087642480632e+00 
       3.681158727712e-02       3.072824689267e+00 
       3.698579449367e-02       3.058020951903e+00 
       3.716141151997e-02       3.043241420865e+00 
       3.733848896826e-02       3.028456836190e+00 
       3.751707989998e-02       3.013689468648e+00 
       3.769723998227e-02       2.998931698782e+00 
       3.787902765710e-02       2.984180618816e+00 
       3.806250432423e-02       2.969432623360e+00 
       3.824773453929e-02       2.954700775341e+00 
       3.843478622861e-02       2.939969373555e+00 
       3.862373092248e-02       2.925243975086e+00 
       3.881464400866e-02       2.910522669336e+00 
       3.900760500835e-02       2.895812322541e+00 
       3.920269787708e-02       2.881093679412e+00 
       3.940001133307e-02       2.866381241434e+00 
       3.959963921623e-02       2.851672505753e+00 
       3.980168088122e-02       2.836958705215e+00 
       4.000624162845e-02       2.822239632256e+00 
       4.021343317748e-02       2.807527036355e+00 
       4.042337418784e-02       2.792797693911e+00 
       4.063619083298e-02       2.778068690942e+00 
       4.085201743398e-02       2.763328416509e+00 
       4.107099716046e-02       2.748582992319e+00 
       4.129328280735e-02       2.733809331350e+00 
       4.151903765736e-02       2.719031952323e+00 
       4.174843644073e-02       2.704238069919e+00 
       4.198166640532e-02       2.689424924650e+00 
       4.221892851244e-02       2.674586062444e+00 
       4.246043877639e-02       2.659722524881e+00 
       4.270642976830e-02       2.644829186698e+00 
       4.295715230881e-02       2.629907245347e+00 
       4.321287737814e-02       2.614947627203e+00 
       4.347389827712e-02       2.599949487732e+00 
       4.374053307916e-02       2.584902994786e+00 
       4.401312742022e-02       2.569820607730e+00 
       4.429205768293e-02       2.554681289703e+00 
       4.457773464195e-02       2.539483695678e+00 
       4.487060765111e-02       2.524220517346e+00 
       4.517116946882e-02       2.508895046537e+00 
       4.547996183916e-02       2.493484490824e+00 
       4.579758197020e-02       2.477992277401e+00 
       4.612469008294e-02       2.462410156992e+00 
       4.646201824243e-02       2.446734106035e+00 
       4.681038073141e-02       2.430935074128e+00 
       4.717068628811e-02       2.415026622385e+00 
       4.754395260646e-02       2.398998856063e+00 
       4.793132359520e-02       2.382817857363e+00 
       4.833409001645e-02       2.366483640888e+00 
       4.875371428222e-02       2.349960407962e+00 
       4.919186038941e-02       2.333234984473e+00 
       4.965043023052e-02       2.316285466490e+00 
       5.013160784357e-02       2.299080682414e+00 
       5.063791357653e-02       2.281595413285e+00 
       5.117227065353e-02       2.263789123915e+00 
       5.173808725380e-02       2.245612064202e+00 
       5.233935794146e-02       2.227004678653e+00 
       5.298078906708e-02       2.207900807719e+00 
       5.366795346164e-02       2.188224140034e+00 
       5.440748003148e-02       2.167846727223e+00 
       5.520728303945e-02       2.146631361600e+00 
       5.607683251007e-02       2.124396119081e+00 
       5.702745862196e-02       2.100893897128e+00 
       5.807266428987e-02       2.075787799374e+00 
       5.922838343394e-02       2.048636551990e+00 
       6.051305685493e-02       2.018835060794e+00 
       6.194729475169e-02       1.985585753568e+00 
       6.355276799779e-02       1.947837389862e+00 
       6.534989913018e-02       1.904300826113e+00 
       6.735411181610e-02       1.853534002400e+00 
       6.957112484318e-02       1.794176371629e+00 
       7.199301489517e-02       1.725390892521e+00 
       7.459755892020e-02       1.647345110796e+00 
       7.735218548643e-02       1.561534081070e+00 
       8.022091898753e-02       1.470699852554e+00 
       8.317082766420e-02       1.378378586291e+00 
       8.617556860046e-02       1.288272391476e+00 
       8.921598931831e-02       1.203671885769e+00 
       9.227904507105e-02       1.127085659822e+00 
       9.535622538553e-02       1.060068996482e+00 
       9.844212902459e-02       1.003217758199e+00 
       1.015333868696e-01       9.562763265921e-01 
       1.046279197140e-01       9.183065233119e-01 
       1.077244527160e-01       8.878607571211e-01 
       1.108222072366e-01       8.631670008823e-01 
       1.139207087438e-01       8.423010286059e-01 
       1.170196683524e-01       8.233615507204e-01 
       1.201189102450e-01       8.046315782148e-01 
       1.232183273761e-01       7.847179873632e-01 
       1.263178545017e-01       7.626700609953e-01 
       1.294174517799e-01       7.380289449025e-01 
       1.325170948078e-01       7.108259469034e-01 
       1.356167685699e-01       6.815169853279e-01 
       1.387164637648e-01       6.508729214136e-01 
       1.418161745730e-01       6.198429194709e-01 
       1.449158973022e-01       5.894177605083e-01 
       1.480156295634e-01       5.605073345146e-01 
       1.511153697701e-01       5.338636145856e-01 
       1.542151168333e-01       5.099988141503e-01 
       1.573148699751e-01       4.891854559813e-01 
       1.604146286157e-01       4.714443011097e-01 
       1.635143923029e-01       4.565861261193e-01 
       1.666141606694e-01       4.442495474582e-01 
       1.697139334059e-01       4.339212820679e-01 
       1.728137102446e-01       4.250471599383e-01 
       1.759134909479e-01       4.170644472136e-01 
       1.790132753020e-01       4.094820633854e-01 
       1.821130631120e-01       4.017073000180e-01 
       1.852128541988e-01       3.933527221196e-01 
       1.883126483966e-01       3.841711083131e-01 
       1.914124455516e-01       3.740794126954e-01 
       1.945122455203e-01       3.631442534972e-01 
       1.976120481687e-01       3.515645774366e-01 
       2.007118533713e-01       3.396168590315e-01 
       2.038116610106e-01       3.276181289642e-01 
       2.069114709760e-01       3.158731181540e-01 
       2.100112831637e-01       3.046450237508e-01 
       2.131110974760e-01       2.941495859870e-01 
       2.162109138209e-01       2.845374013235e-01 
       2.193107321115e-01       2.758843289253e-01 
       2.224105522659e-01       2.682245214802e-01 
       2.255103742067e-01       2.614994347805e-01 
       2.286101978608e-01       2.556182154542e-01 
       2.317100231590e-01       2.504277079627e-01 
       2.348098500356e-01       2.457493667571e-01 
       2.379096784287e-01       2.413886756695e-01 
       2.410095082792e-01       2.371666283611e-01 
       2.441093395314e-01       2.329322754225e-01 
       2.472091721322e-01       2.285652045482e-01 
       2.503090060312e-01       2.239949079497e-01 
       2.534088411804e-01       2.191874157943e-01 
       2.565086775343e-01       2.141491901416e-01 
       2.596085150494e-01       2.089181682608e-01 
       2.627083536844e-01       2.035648562843e-01 
       2.658081933999e-01       1.981783740831e-01 
       2.689080341583e-01       1.928569291699e-01 
       2.720078759238e-01       1.876986808569e-01 
       2.751077186621e-01       1.827865595800e-01 
       2.782075623405e-01       1.781815176398e-01 
       2.813074069277e-01       1.739155993752e-01 
       2.844072523940e-01       1.699986265942e-01 
       2.875070987107e-01       1.664128670904e-01 
       2.906069458504e-01       1.631261621349e-01 
       2.937067937870e-01       1.600919965302e-01 
       2.968066424953e-01       1.572590475996e-01 
       2.999064919514e-01       1.545727741140e-01 
       3.030063421321e-01       1.519777115953e-01 
       3.061061930153e-01       1.494220691286e-01 
       3.092060445798e-01       1.468618654768e-01 
       3.123058968051e-01       1.442654164326e-01 
       3.154057496718e-01       1.416168570279e-01 
       3.185056031610e-01       1.389149925162e-01 
       3.216054572546e-01       1.361721134125e-01 
       3.247053119353e-01       1.334094420474e-01 
       3.278051671862e-01       1.306537691526e-01 
       3.309050229913e-01       1.279313211381e-01 
       3.340048793351e-01       1.252678894892e-01 
       3.371047362026e-01       1.226866776098e-01 
       3.402045935795e-01       1.202076514054e-01 
       3.433044514520e-01       1.178458416762e-01 
       3.464043098066e-01       1.156094623607e-01 
       3.495041686304e-01       1.134999941288e-01 
       3.526040279111e-01       1.115105085706e-01 
       3.557038876367e-01       1.096273076612e-01 
       3.588037477955e-01       1.078321920236e-01 
       3.619036083763e-01       1.061050779226e-01 
       3.650034693685e-01       1.044274920038e-01 
       3.681033307615e-01       1.027836008914e-01 
       3.712031925453e-01       1.011609659756e-01 
       3.743030547101e-01       9.955064263492e-02 
       3.774029172465e-01       9.794651364459e-02 
       3.805027801453e-01       9.634498961322e-02 
       3.836026433978e-01       9.474559524619e-02 
       3.867025069954e-01       9.315110022652e-02 
       3.898023709299e-01       9.156736604830e-02 
       3.929022351932e-01       9.000248423598e-02 
       3.960020997776e-01       8.846531272470e-02 
       3.991019646755e-01       8.696384372266e-02 
       4.022018298798e-01       8.550424175342e-02 
       4.053016953833e-01       8.409005443148e-02 
       4.084015611792e-01       8.272278904533e-02 
       4.115014272608e-01       8.140233198258e-02 
       4.146012936219e-01       8.012806057309e-02 
       4.177011602560e-01       7.889823789034e-02 
       4.208010271571e-01       7.771048451554e-02 
       4.239008943194e-01       7.656112770105e-02 
       4.270007617372e-01       7.544516404615e-02 
       4.301006294048e-01       7.435659105641e-02 
       4.332004973170e-01       7.328955762805e-02 
       4.363003654685e-01       7.223904743567e-02 
       4.394002338542e-01       7.120139476281e-02 
       4.425001024691e-01       7.017487112131e-02 
       4.455999713085e-01       6.915895868459e-02 
       4.486998403678e-01       6.815392643568e-02 
       4.517997096423e-01       6.716030730583e-02 
       4.548995791276e-01       6.617894723204e-02 
       4.579994488195e-01       6.521101155825e-02 
       4.610993187137e-01       6.425831058755e-02 
       4.641991888063e-01       6.332321436750e-02 
       4.672990590932e-01       6.240840714587e-02 
       4.703989295706e-01       6.151622501016e-02 
       4.734988002347e-01       6.064804611781e-02 
       4.765986710819e-01       5.980409403633e-02 
       4.796985421086e-01       5.898316687295e-02 
       4.827984133114e-01       5.818363527203e-02 
       4.858982846868e-01       5.740343507958e-02 
       4.889981562317e-01       5.664085041661e-02 
       4.920980279426e-01       5.589434854110e-02 
       4.951978998167e-01       5.516256459441e-02 
       4.982977718507e-01       5.444400168804e-02 
       5.013976440417e-01       5.373710444326e-02 
       5.044975163868e-01       5.304032989435e-02 
       5.075973888832e-01       5.235238717729e-02 
       5.106972615281e-01       5.167276475194e-02 
       5.137971343188e-01       5.100161632576e-02 
       5.168970072526e-01       5.033993120912e-02 
       5.199968803271e-01       4.968865233180e-02 
       5.230967535397e-01       4.904840711534e-02 
       5.261966268880e-01       4.841983704021e-02 
       5.292965003695e-01       4.780279098193e-02 
       5.323963739820e-01       4.719711225104e-02 
       5.354962477231e-01       4.660287024937e-02 
       5.385961215906e-01       4.601991209046e-02 
       5.416959955824e-01       4.544876069174e-02 
       5.447958696963e-01       4.488933411212e-02 
       5.478957439303e-01       4.434152432809e-02 
       5.637757451621e-01       4.168785500589e-02 
       5.799027736074e-01       3.920602312759e-02 
       5.962707452061e-01       3.687524298271e-02 
       6.128750251796e-01       3.471162201146e-02 
       6.297126700412e-01       3.270367782966e-02 
       6.467826200833e-01       3.082498493635e-02 
       6.640858355163e-01       2.906772449973e-02 
       6.816253728817e-01       2.742929756867e-02 
       6.994064018266e-01       2.589837140823e-02 
       7.174361654807e-01       2.446323035322e-02 
       7.357238902684e-01       2.311878835215e-02 
       7.542806528798e-01       2.185872992516e-02 
       7.731192132686e-01       2.067493368548e-02 
       7.922538229929e-01       1.956157702376e-02 
       8.117000180822e-01       1.851435597559e-02 
       8.314744050298e-01       1.752828656547e-02 
       8.515944476332e-01       1.659834888382e-02 
       8.720782613429e-01       1.572058277640e-02 
       8.929444206500e-01       1.489164043244e-02 
       9.142117838983e-01       1.410824957651e-02 
       9.358993388040e-01       1.336725714677e-02 
       9.580260709154e-01       1.266603198906e-02 
       9.806108562696e-01       1.200212215291e-02 
       1.003672378607e+00       1.137314483313e-02 
       1.027229070688e+00       1.077696542395e-02 
       1.051299078530e+00       1.021174251564e-02 
       1.075900246780e+00       9.675768515367e-03 
       1.101050122932e+00       9.167449870900e-03 
       1.126765977724e+00       8.685305802452e-03 
       1.153064838830e+00       8.227998809265e-03 
       1.179963534876e+00       7.794156040252e-03 
       1.207478746847e+00       7.382652816571e-03 
       1.235627064117e+00       6.992194770110e-03 
       1.264425042629e+00       6.621845821828e-03 
       1.293889263077e+00       6.270460046196e-03 
       1.324036387355e+00       5.937143641279e-03 
       1.354883211949e+00       5.621060601485e-03 
       1.386446717363e+00       5.321393360984e-03 
       1.418744113042e+00       5.037162945917e-03 
       1.451792877592e+00       4.767649130507e-03 
       1.485610794368e+00       4.512198130082e-03 
       1.520215982686e+00       4.269952604242e-03 
       1.555626925106e+00       4.040417339075e-03 
       1.591862491256e+00       3.822822917188e-03 
       1.628941958755e+00       3.616654521432e-03 
       1.666885031757e+00       3.421284023207e-03 
       1.705711857618e+00       3.236209735263e-03 
       1.745443042135e+00       3.060824179970e-03 
       1.786099663739e+00       2.894729881476e-03 
       1.827703286978e+00       2.737413526802e-03 
       1.870275975531e+00       2.588411798186e-03 
       1.913840304984e+00       2.447323031833e-03 
       1.958419375504e+00       2.313741293337e-03 
       2.004036824555e+00       2.187263677410e-03 
       2.050716839714e+00       2.067530524126e-03 
       2.098484171685e+00       1.954191699261e-03 
       2.147364147528e+00       1.846921781960e-03 
       2.197382684156e+00       1.745399700986e-03 
       2.248566302112e+00       1.649325775366e-03 
       2.300942139656e+00       1.558419222896e-03 
       2.354537967166e+00       1.472411198517e-03 
       2.409382201866e+00       1.391051264070e-03 
       2.465503922898e+00       1.314082329213e-03 
       2.522932886743e+00       1.241270938456e-03 
       2.581699542999e+00       1.172416835262e-03 
       2.641835050526e+00       1.107301504187e-03 
       2.703371293965e+00       1.045725183241e-03 
       2.766340900647e+00       9.875044185378e-04 
       2.830777257892e+00       9.324621116331e-04 
       2.896714530709e+00       8.804174988817e-04 
       2.964187679912e+00       8.312177348200e-04 
       3.033232480659e+00       7.847240354930e-04 
       3.103885541417e+00       7.407672678082e-04 
       3.176184323373e+00       6.992398013854e-04 
       3.250167160300e+00       6.599878631559e-04 
       3.325873278876e+00       6.228988622696e-04 
       3.403342819487e+00       5.878541949711e-04 
       3.482616857511e+00       5.547450496738e-04 
       3.563737425089e+00       5.234693490189e-04 
       3.646747533423e+00       4.939232813641e-04 
       3.731691195568e+00       4.660113797414e-04 
       3.818613449781e+00       4.396566777179e-04 
       3.907560383390e+00       4.147653842354e-04 
       3.998579157237e+00       3.912559627183e-04 
       4.091718030680e+00       3.690569126589e-04 
       4.187026387184e+00       3.480953416212e-04 
       4.284554760500e+00       3.283104032031e-04 
       4.384354861463e+00       3.096285985670e-04 
       4.486479605407e+00       2.919913130354e-04 
       4.590983140223e+00       2.753437576546e-04 
       4.697920875070e+00       2.596298094074e-04 
       4.807349509748e+00       2.447992958080e-04 
       4.919327064770e+00       2.308022695938e-04 
       5.033912912116e+00       2.175931976437e-04 
       5.151167806720e+00       2.051271156900e-04 
       5.271153918679e+00       1.933671503762e-04 
       5.393934866217e+00       1.822689721579e-04 
       5.519575749419e+00       1.717998301095e-04 
       5.648143184743e+00       1.619244930314e-04 
       5.779705340346e+00       1.526068030959e-04 
       5.914331972224e+00       1.438182837563e-04 
       6.052094461198e+00       1.355276503653e-04 
       6.193065850765e+00       1.277091650943e-04 
       6.337320885822e+00       1.203354152498e-04 
       6.484936052296e+00       1.133818228877e-04 
       6.635989617703e+00       1.068245498197e-04 
       6.790561672643e+00       1.006413409436e-04 
       6.948734173266e+00       9.481129193332e-05 
       7.110590984725e+00       8.931461303503e-05 
       7.276217925644e+00       8.413233173653e-05 
       7.445702813619e+00       7.924729378025e-05 
       7.619135511781e+00       7.464204483196e-05 
       7.796607976443e+00       7.030118515845e-05 
       7.978214305855e+00       6.620960490589e-05 
       8.164050790095e+00       6.235320903077e-05 
       8.354215962128e+00       5.871863445761e-05 
       8.548810650046e+00       5.529344878469e-05 
       8.747938030527e+00       5.206563391773e-05 
       8.951703683545e+00       4.902409632068e-05 
       9.160215648345e+00       4.615812133987e-05 
       9.373584480732e+00       4.345767415999e-05 
       9.591923311685e+00       4.091341458845e-05 
       9.815347907342e+00       3.851646386932e-05 
       1.004397673038e+01       3.625839726427e-05 
       1.027793100283e+01       3.413106129292e-05 
       1.051733477034e+01       3.212754434287e-05 
       1.076231496796e+01       3.023986177290e-05 
       1.101300148743e+01       2.846209543018e-05 
       1.126952724607e+01       2.678771191798e-05 
       1.153202825722e+01       2.521079636649e-05 
       1.180064370239e+01       2.372569509349e-05 
       1.207551600506e+01       2.232720249781e-05 
       1.235679090615e+01       2.101029134359e-05 
       1.264461754134e+01       1.977021546280e-05 
       1.293914852013e+01       1.860260693197e-05 
       1.324054000673e+01       1.750320912284e-05 
       1.354895180290e+01       1.646821108260e-05 
       1.386454743265e+01       1.549391101471e-05 
       1.418749422898e+01       1.457655540915e-05 
       1.451796342254e+01       1.371301710662e-05 
       1.485613023247e+01       1.290005821009e-05 
       1.520217395930e+01       1.213493325491e-05 
       1.555627807998e+01       1.141469213776e-05 
       1.591863034522e+01       1.073676514688e-05 
       1.628942287897e+01       1.009889842997e-05 
       1.666885228035e+01       9.498459172826e-06 
       1.705711972784e+01       8.933387578636e-06 
       1.745443108599e+01       8.401626476288e-06 
       1.786099701455e+01       7.901245117182e-06 
       1.827703308013e+01       7.430453980693e-06 
       1.870275987058e+01       6.987387291626e-06 
       1.913840311188e+01       6.570573816080e-06 
       1.958419378783e+01       6.178357518342e-06 
       2.004036826255e+01       5.809332081562e-06 
       2.050716840579e+01       5.462195474324e-06 
       2.098484172117e+01       5.135669357814e-06 
       2.147364147740e+01       4.828437923626e-06 
       2.197382684257e+01       4.539463286428e-06 
       2.248566302159e+01       4.267615500161e-06 
       2.300942139678e+01       4.011929279670e-06 
       2.354537967176e+01       3.771433846934e-06 
       2.409382201870e+01       3.545245131952e-06 
       2.465503922900e+01       3.332474914256e-06 
       2.522932886744e+01       3.132412172062e-06 
       2.581699543000e+01       2.944267781486e-06 
       2.641835050526e+01       2.767284616607e-06 
       2.703371293965e+01       2.600891568095e-06 
       2.766340900647e+01       2.444423970507e-06 
       2.830777257892e+01       2.297297379122e-06 
       2.896714530709e+01       2.158955401811e-06 
       2.964187679912e+01       2.028888368560e-06 
       3.033232480659e+01       1.906590038791e-06 
       3.103885541417e+01       1.791620899281e-06 
       3.176184323373e+01       1.683505969073e-06 
       3.250167160300e+01       1.581878330360e-06 
       3.325873278876e+01       1.486345872132e-06 
       3.403342819487e+01       1.396532011636e-06 
       3.482616857511e+01       1.312114562934e-06 
       3.563737425089e+01       1.232759819770e-06 
       3.646747533423e+01       1.158169803491e-06 
       3.731691195568e+01       1.088060622436e-06 
       3.818613449781e+01       1.022169652241e-06 
       3.907560383390e+01       9.602369510103e-07 
       3.998579157237e+01       9.020233957731e-07 
       4.091718030680e+01       8.473240037966e-07 
       4.187026387184e+01       7.959130371909e-07 
       4.284554760500e+01       7.475981917797e-07 
       4.384354861463e+01       7.021974032700e-07 
       4.486479605407e+01       6.595345596939e-07 
       4.590983140223e+01       6.194477741454e-07 
       4.697920875070e+01       5.817724637275e-07 
       4.807349509748e+01       5.463797618315e-07 
       4.919327064770e+01       5.131248225005e-07 
       5.033912912116e+01       4.818773263766e-07 
       5.151167806720e+01       4.525223693453e-07 
       5.271153918679e+01       4.249423795136e-07 
       5.393934866217e+01       3.990334044384e-07 
       5.519575749419e+01       3.746897853553e-07 
       5.648143184743e+01       3.518231358967e-07 
       5.779705340346e+01       3.303459679487e-07 
       5.914331972224e+01       3.101682641133e-07 
       6.052094461198e+01       2.912133694147e-07 
       6.193065850765e+01       2.734074199667e-07 
       6.337320885821e+01       2.566850855771e-07 
       6.484936052296e+01       2.409781493043e-07 
       6.635989617703e+01       2.262257814755e-07 
       6.790561672643e+01       2.123707741780e-07 
       6.948734173266e+01       1.993581952458e-07 
       7.110590984725e+01       1.871374792067e-07 
       7.276217925644e+01       1.756605995482e-07 
       7.445702813619e+01       1.648824343247e-07 
       7.619135511781e+01       1.547614230627e-07 
       7.796607976443e+01       1.452577005229e-07 
       7.978214305855e+01       1.363331322537e-07 
       8.164050790095e+01       1.279521530815e-07 
       8.354215962128e+01       1.200829255474e-07 
       8.548810650046e+01       1.126946156612e-07 
       8.747938030527e+01       1.057575140667e-07 
       8.951703683545e+01       9.924426270667e-08 
       9.160215648345e+01       9.312974811303e-08 
       9.373584480732e+01       8.738814249641e-08 
       9.591923311685e+01       8.199864821558e-08 
       9.815347907341e+01       7.693872519158e-08 
       1.004397673038e+02       7.218913186430e-08 
       1.027793100283e+02       6.772944407252e-08 
       1.051733477034e+02       6.354373625597e-08 
       1.076231496796e+02       5.961458083044e-08 
       1.101300148743e+02       5.592668259920e-08 
       1.126952724607e+02       5.246477520742e-08 
       1.153202825722e+02       4.921490363744e-08 
       1.180064370239e+02       4.616519405275e-08 
       1.207551600506e+02       4.330282175913e-08 
       1.235679090615e+02       4.061604459925e-08 
       1.264461754134e+02       3.809484129448e-08 
       1.293914852013e+02       3.572885784407e-08 
       1.324054000673e+02       3.350823424609e-08 
       1.354895180290e+02       3.142436809326e-08 
       1.386454743265e+02       2.946900884093e-08 
       1.418749422898e+02       2.763402722528e-08 
       1.451796342254e+02       2.591208403861e-08 
       1.485613023247e+02       2.429643889696e-08 
       1.520217395930e+02       2.278086390072e-08 
       1.555627807998e+02       2.135823881099e-08 
       1.591863034522e+02       2.002373995206e-08 
       1.628942287897e+02       1.877170949725e-08 
       1.666885228035e+02       1.759717057754e-08 
       1.705711972784e+02       1.649528377072e-08 
       1.745443108599e+02       1.546160651733e-08 
       1.786099701455e+02       1.449183176531e-08 
       1.827703308013e+02       1.358221069918e-08 
       1.870275987058e+02       1.272887870812e-08 
       1.913840311188e+02       1.192852122261e-08 
       1.958419378783e+02       1.117785470910e-08 
       2.004036826255e+02       1.047382103382e-08 
