# Matter power spectrum P(k) at redshift z=99
# for k=1.00899e-05 to 203.102 h/Mpc,
# number of wavenumbers equal to 845
#    1:k (h/Mpc)              2:P (Mpc/h)^3        
       1.008985923246e-05       8.602880551199e-03 
       2.251775554681e-05       1.859248251157e-02 
       3.498636120247e-05       2.838274937561e-02 
       4.752690064658e-05       3.808650862616e-02 
       6.017107953230e-05       4.776594816843e-02 
       7.295134796122e-05       5.746642616475e-02 
       8.590117158737e-05       6.722589504178e-02 
       9.905531395762e-05       7.707872836011e-02 
       1.124501334903e-04       8.705764798836e-02 
       1.261238985241e-04       9.719486991525e-02 
       1.401171238832e-04       1.075228697565e-01 
       1.544729323814e-04       1.180749712313e-01 
       1.692374445844e-04       1.288858265717e-01 
       1.844601999316e-04       1.399918476667e-01 
       2.001946119095e-04       1.514316131041e-01 
       2.164984592990e-04       1.632462655292e-01 
       2.334344144703e-04       1.754799100393e-01 
       2.510706081373e-04       1.881800201719e-01 
       2.694812277303e-04       2.013978426067e-01 
       2.887471433953e-04       2.151888187259e-01 
       3.089565513139e-04       2.296129933313e-01 
       3.302056182976e-04       2.447354106458e-01 
       3.525991041420e-04       2.606264873278e-01 
       3.762509287930e-04       2.773623203366e-01 
       4.012846398372e-04       2.950249193773e-01 
       4.278337222871e-04       3.137023090103e-01 
       4.560416775835e-04       3.334884492321e-01 
       4.860617833145e-04       3.544829269721e-01 
       5.180564313506e-04       3.767903291124e-01 
       5.521959330389e-04       4.005192436554e-01 
       5.886566801031e-04       4.257808070300e-01 
       6.276185643138e-04       4.526867311679e-01 
       6.692615934693e-04       4.813467955732e-01 
       7.137617003222e-04       5.118658075483e-01 
       7.612858261435e-04       5.443400903146e-01 
       8.119864671933e-04       5.788536584675e-01 
       8.659959882004e-04       6.154743182167e-01 
       9.234211115549e-04       6.542499433511e-01 
       9.843380583383e-04       6.952053077358e-01 
       1.048788822492e-03       7.383397639090e-01 
       1.116778986862e-03       7.836260583547e-01 
       1.188277341593e-03       8.310104482638e-01 
       1.263217364035e-03       8.804139108926e-01 
       1.341500403710e-03       9.317284134225e-01 
       1.423000229794e-03       9.848396959531e-01 
       1.507568477172e-03       1.039612344173e+00 
       1.595040487038e-03       1.095900263222e+00 
       1.685241074673e-03       1.153550844531e+00 
       1.777989849548e-03       1.212408757819e+00 
       1.873105833077e-03       1.272319227810e+00 
       1.970411240942e-03       1.333130755110e+00 
       2.069734400901e-03       1.394697036965e+00 
       2.170911853969e-03       1.456878565572e+00 
       2.273789735124e-03       1.519543470017e+00 
       2.378224553043e-03       1.582568109222e+00 
       2.484083492891e-03       1.645837338794e+00 
       2.591244358339e-03       1.709244215017e+00 
       2.699595254278e-03       1.772690208906e+00 
       2.809034094327e-03       1.836084385970e+00 
       2.919467999818e-03       1.899343407768e+00 
       3.030812641171e-03       1.962390794583e+00 
       3.142991559080e-03       2.025156668042e+00 
       3.255935491967e-03       2.087577124221e+00 
       3.369581727509e-03       2.149593941099e+00 
       3.483873489548e-03       2.211153972798e+00 
       3.598759366763e-03       2.272209428347e+00 
       3.714192786088e-03       2.332715977127e+00 
       3.830131531369e-03       2.392634349747e+00 
       3.946537306183e-03       2.451928342088e+00 
       4.063375338686e-03       2.510566201613e+00 
       4.180614025754e-03       2.568518121266e+00 
       4.298224613405e-03       2.625758846982e+00 
       4.416180910359e-03       2.682265073162e+00 
       4.534459031676e-03       2.738015519251e+00 
       4.653037169509e-03       2.792993390431e+00 
       4.771895388214e-03       2.847181642223e+00 
       4.891015441268e-03       2.900567492479e+00 
       5.010380607654e-03       2.953138931608e+00 
       5.129975545600e-03       3.004885459676e+00 
       5.249786161774e-03       3.055799955614e+00 
       5.369799494223e-03       3.105875054714e+00 
       5.490003607536e-03       3.155106922451e+00 
       5.610387498875e-03       3.203491298722e+00 
       5.730941013670e-03       3.251025626626e+00 
       5.851654769906e-03       3.297708985893e+00 
       5.972520090068e-03       3.343542062798e+00 
       6.093528939880e-03       3.388525234319e+00 
       6.214673873133e-03       3.432660465102e+00 
       6.335947981903e-03       3.475951194562e+00 
       6.457344851613e-03       3.518400145749e+00 
       6.578858520406e-03       3.560013212069e+00 
       6.700483442374e-03       3.600794885477e+00 
       6.822214454238e-03       3.640750198973e+00 
       6.944046745134e-03       3.679885156887e+00 
       7.065975829162e-03       3.718208361198e+00 
       7.187997520434e-03       3.755724032005e+00 
       7.310107910369e-03       3.792443096265e+00 
       7.432303346994e-03       3.828372468272e+00 
       7.554580416072e-03       3.863519894081e+00 
       7.676935923868e-03       3.897892128013e+00 
       7.799366881390e-03       3.931500113772e+00 
       7.921870489981e-03       3.964352028318e+00 
       8.044444128110e-03       3.996456962726e+00 
       8.167085339271e-03       4.027822437971e+00 
       8.289791820870e-03       4.058461326060e+00 
       8.412561414027e-03       4.088379911735e+00 
       8.535392094189e-03       4.117587090729e+00 
       8.658281962499e-03       4.146093000108e+00 
       8.781229237845e-03       4.173906954340e+00 
       8.904232249532e-03       4.201038040256e+00 
       9.027289430517e-03       4.227495298834e+00 
       9.150399311170e-03       4.253287172893e+00 
       9.273560513504e-03       4.278423285767e+00 
       9.396771745844e-03       4.302912242319e+00 
       9.520031797891e-03       4.326762323499e+00 
       9.643339536152e-03       4.349983293977e+00 
       9.766693899711e-03       4.372581330708e+00 
       9.890093896300e-03       4.394568178193e+00 
       1.001353859866e-02       4.415949053876e+00 
       1.013702714118e-02       4.436732581662e+00 
       1.026055871672e-02       4.456927193991e+00 
       1.038413257374e-02       4.476540649808e+00 
       1.050774801356e-02       4.495582476351e+00 
       1.063140438788e-02       4.514054500034e+00 
       1.075510109639e-02       4.531971749895e+00 
       1.087883758462e-02       4.549335108764e+00 
       1.100261334193e-02       4.566154158696e+00 
       1.112642789957e-02       4.582435968779e+00 
       1.125028082899e-02       4.598187201625e+00 
       1.137417174014e-02       4.613413910270e+00 
       1.149810028000e-02       4.628124370611e+00 
       1.162206613114e-02       4.642321815629e+00 
       1.174606901039e-02       4.656015748282e+00 
       1.187010866765e-02       4.669211181173e+00 
       1.199418488471e-02       4.681914432842e+00 
       1.211829747421e-02       4.694131173453e+00 
       1.224244627863e-02       4.705868488394e+00 
       1.236663116941e-02       4.717131066578e+00 
       1.249085204607e-02       4.727924632699e+00 
       1.261510883545e-02       4.738256301849e+00 
       1.273940149094e-02       4.748128963610e+00 
       1.286372999182e-02       4.757552603326e+00 
       1.298809434267e-02       4.766529127771e+00 
       1.311249457272e-02       4.775064149349e+00 
       1.323693073542e-02       4.783163848809e+00 
       1.336140290784e-02       4.790834405705e+00 
       1.348591119034e-02       4.798081507235e+00 
       1.361045570605e-02       4.804908776312e+00 
       1.373503660061e-02       4.811322101576e+00 
       1.385965404174e-02       4.817327288051e+00 
       1.398430821901e-02       4.822928425957e+00 
       1.410899934352e-02       4.828132028435e+00 
       1.423372764771e-02       4.832940234584e+00 
       1.435849338511e-02       4.837362801218e+00 
       1.448329683018e-02       4.841400273326e+00 
       1.460813827812e-02       4.845059124824e+00 
       1.473301804481e-02       4.848347037777e+00 
       1.485793646664e-02       4.851265566158e+00 
       1.498289390044e-02       4.853818407397e+00 
       1.510789072347e-02       4.856016276279e+00 
       1.523292733332e-02       4.857858416085e+00 
       1.535800414793e-02       4.859350958819e+00 
       1.548312160558e-02       4.860502396993e+00 
       1.560828016494e-02       4.861314864860e+00 
       1.573348030509e-02       4.861788334294e+00 
       1.585872252561e-02       4.861933059006e+00 
       1.598400734663e-02       4.861753997711e+00 
       1.610933530897e-02       4.861251831006e+00 
       1.623470697422e-02       4.860436966905e+00 
       1.636012292492e-02       4.859310929019e+00 
       1.648558376469e-02       4.857875559269e+00 
       1.661109011841e-02       4.856139047763e+00 
       1.673664263240e-02       4.854103311668e+00 
       1.686224197463e-02       4.851776390181e+00 
       1.698788883495e-02       4.849160662972e+00 
       1.711358392534e-02       4.846256566310e+00 
       1.723932798012e-02       4.843075303713e+00 
       1.736512175629e-02       4.839616069000e+00 
       1.749096603375e-02       4.835885239953e+00 
       1.761686161566e-02       4.831884218310e+00 
       1.774280932873e-02       4.827627851883e+00 
       1.786881002356e-02       4.823103344117e+00 
       1.799486457501e-02       4.818329366928e+00 
       1.812097388257e-02       4.813303037434e+00 
       1.824713887072e-02       4.808026420557e+00 
       1.837336048938e-02       4.802509035841e+00 
       1.849963971429e-02       4.796753720933e+00 
       1.862597754748e-02       4.790758613680e+00 
       1.875237501771e-02       4.784534632765e+00 
       1.887883318094e-02       4.778081961381e+00 
       1.900535312085e-02       4.771409306343e+00 
       1.913193594933e-02       4.764512841152e+00 
       1.925858280700e-02       4.757402493986e+00 
       1.938529486380e-02       4.750075398789e+00 
       1.951207331950e-02       4.742542686037e+00 
       1.963891940434e-02       4.734801658759e+00 
       1.976583437961e-02       4.726867604801e+00 
       1.989281953829e-02       4.718723942477e+00 
       2.001987620571e-02       4.710389917103e+00 
       2.014700574018e-02       4.701868416680e+00 
       2.027420953374e-02       4.693154616574e+00 
       2.040148901283e-02       4.684258086009e+00 
       2.052884563906e-02       4.675180016189e+00 
       2.065628090997e-02       4.665926459034e+00 
       2.078379635978e-02       4.656500136532e+00 
       2.091139356027e-02       4.646901761204e+00 
       2.103907412157e-02       4.637128606488e+00 
       2.116683969302e-02       4.627202364573e+00 
       2.129469196411e-02       4.617104325582e+00 
       2.142263266535e-02       4.606848076878e+00 
       2.155066356926e-02       4.596448826155e+00 
       2.167878649131e-02       4.585899653171e+00 
       2.180700329099e-02       4.575186997545e+00 
       2.193531587278e-02       4.564338453840e+00 
       2.206372618728e-02       4.553342930725e+00 
       2.219223623229e-02       4.542210569310e+00 
       2.232084805397e-02       4.530946945888e+00 
       2.244956374803e-02       4.519545161710e+00 
       2.257838546090e-02       4.508009290769e+00 
       2.270731539105e-02       4.496353934925e+00 
       2.283635579024e-02       4.484569742113e+00 
       2.296550896486e-02       4.472654133416e+00 
       2.309477727734e-02       4.460639740544e+00 
       2.322416314755e-02       4.448500144535e+00 
       2.335366905427e-02       4.436248009045e+00 
       2.348329753672e-02       4.423883441959e+00 
       2.361305119611e-02       4.411408129975e+00 
       2.374293269725e-02       4.398829633729e+00 
       2.387294477028e-02       4.386154900852e+00 
       2.400309021230e-02       4.373371262721e+00 
       2.413337188923e-02       4.360500481421e+00 
       2.426379273761e-02       4.347532480317e+00 
       2.439435576650e-02       4.334462494892e+00 
       2.452506405949e-02       4.321312738579e+00 
       2.465592077667e-02       4.308069817238e+00 
       2.478692915676e-02       4.294753869308e+00 
       2.491809251927e-02       4.281341507402e+00 
       2.504941426679e-02       4.267849095987e+00 
       2.518089788722e-02       4.254290271758e+00 
       2.531254695627e-02       4.240652523235e+00 
       2.544436513988e-02       4.226944792821e+00 
       2.557635619681e-02       4.213152292274e+00 
       2.570852398133e-02       4.199309366412e+00 
       2.584087244594e-02       4.185397701118e+00 
       2.597340564424e-02       4.171406646205e+00 
       2.610612773389e-02       4.157369653096e+00 
       2.623904297966e-02       4.143268223951e+00 
       2.637215575665e-02       4.129105703830e+00 
       2.650547055353e-02       4.114896157610e+00 
       2.663899197597e-02       4.100618688677e+00 
       2.677272475021e-02       4.086303897038e+00 
       2.690667372668e-02       4.071935997947e+00 
       2.704084388387e-02       4.057512846094e+00 
       2.717524033223e-02       4.043049258212e+00 
       2.730986831833e-02       4.028551209645e+00 
       2.744473322907e-02       4.014003634491e+00 
       2.757984059617e-02       3.999414712970e+00 
       2.771519610072e-02       3.984779422789e+00 
       2.785080557800e-02       3.970125764669e+00 
       2.798667502244e-02       3.955415577570e+00 
       2.812281059279e-02       3.940691257694e+00 
       2.825921861753e-02       3.925918143682e+00 
       2.839590560043e-02       3.911133317926e+00 
       2.853287822642e-02       3.896310290773e+00 
       2.867014336763e-02       3.881455514756e+00 
       2.880770808975e-02       3.866582441790e+00 
       2.894557965859e-02       3.851682115143e+00 
       2.908376554696e-02       3.836771517922e+00 
       2.922227344183e-02       3.821830001057e+00 
       2.936111125182e-02       3.806870039605e+00 
       2.950028711498e-02       3.791895439044e+00 
       2.963980940692e-02       3.776896686150e+00 
       2.977968674934e-02       3.761882873425e+00 
       2.991992801888e-02       3.746859404975e+00 
       3.006054235642e-02       3.731826643548e+00 
       3.020153917674e-02       3.716775799282e+00 
       3.034292817872e-02       3.701720003838e+00 
       3.048471935591e-02       3.686646919108e+00 
       3.062692300766e-02       3.671571868117e+00 
       3.076954975073e-02       3.656491582731e+00 
       3.091261053153e-02       3.641410720115e+00 
       3.105611663883e-02       3.626314423285e+00 
       3.120007971717e-02       3.611225233497e+00 
       3.134451178094e-02       3.596113250272e+00 
       3.148942522908e-02       3.581016732700e+00 
       3.163483286058e-02       3.565918480423e+00 
       3.178074789075e-02       3.550823581253e+00 
       3.192718396829e-02       3.535715334566e+00 
       3.207415519325e-02       3.520619823799e+00 
       3.222167613596e-02       3.505526557025e+00 
       3.236976185693e-02       3.490429290514e+00 
       3.251842792776e-02       3.475358334592e+00 
       3.266769045326e-02       3.460252155578e+00 
       3.281756609471e-02       3.445195956097e+00 
       3.296807209441e-02       3.430121539817e+00 
       3.311922630162e-02       3.415045514517e+00 
       3.327104719986e-02       3.400002260387e+00 
       3.342355393590e-02       3.384954771028e+00 
       3.357676635028e-02       3.369901277000e+00 
       3.373070500968e-02       3.354882204101e+00 
       3.388539124115e-02       3.339858053667e+00 
       3.404084716838e-02       3.324851049866e+00 
       3.419709575014e-02       3.309843699789e+00 
       3.435416082110e-02       3.294866492658e+00 
       3.451206713503e-02       3.279892446699e+00 
       3.467084041087e-02       3.264921449373e+00 
       3.483050738153e-02       3.249951742401e+00 
       3.499109584590e-02       3.235001335437e+00 
       3.515263472420e-02       3.220081924570e+00 
       3.531515411689e-02       3.205159228272e+00 
       3.547868536756e-02       3.190250443245e+00 
       3.564326112997e-02       3.175356665909e+00 
       3.580891543966e-02       3.160468114205e+00 
       3.597568379052e-02       3.145593388331e+00 
       3.614360321665e-02       3.130739575078e+00 
       3.631271238005e-02       3.115883041088e+00 
       3.648305166451e-02       3.101038974576e+00 
       3.665466327647e-02       3.086220921590e+00 
       3.682759135313e-02       3.071411519664e+00 
       3.700188207881e-02       3.056607073639e+00 
       3.717758380999e-02       3.041816733542e+00 
       3.735474721006e-02       3.027032781940e+00 
       3.753342539455e-02       3.012247774452e+00 
       3.771367408789e-02       2.997483335926e+00 
       3.789555179276e-02       2.982734875065e+00 
       3.807911997330e-02       2.967984599683e+00 
       3.826444325354e-02       2.953245929645e+00 
       3.845158963247e-02       2.938512475615e+00 
       3.864063071773e-02       2.923786172386e+00 
       3.883164197941e-02       2.909058533281e+00 
       3.902470302655e-02       2.894339088510e+00 
       3.921989790844e-02       2.879621538870e+00 
       3.941731544346e-02       2.864903282036e+00 
       3.961704957874e-02       2.850184982839e+00 
       3.981919978381e-02       2.835470568805e+00 
       4.002387148228e-02       2.820753414426e+00 
       4.023117652610e-02       2.806032211413e+00 
       4.044123371716e-02       2.791300926452e+00 
       4.065416938230e-02       2.776567498722e+00 
       4.087011800810e-02       2.761822268890e+00 
       4.108922294299e-02       2.747071392223e+00 
       4.131163717545e-02       2.732300102363e+00 
       4.153752419801e-02       2.717518917224e+00 
       4.176705896879e-02       2.702725231908e+00 
       4.200042898355e-02       2.687902451274e+00 
       4.223783547389e-02       2.673067521526e+00 
       4.247949474925e-02       2.658202775012e+00 
       4.272563970381e-02       2.643308580390e+00 
       4.297652151252e-02       2.628385460458e+00 
       4.323241154501e-02       2.613417533937e+00 
       4.349360353122e-02       2.598424484304e+00 
       4.376041601845e-02       2.583379986823e+00 
       4.403319516735e-02       2.568292919939e+00 
       4.431231794305e-02       2.553153350847e+00 
       4.459819576870e-02       2.537955459186e+00 
       4.489127872208e-02       2.522694525747e+00 
       4.519206037240e-02       2.507359358759e+00 
       4.550108337449e-02       2.491958874352e+00 
       4.581894596305e-02       2.476479609130e+00 
       4.614630952020e-02       2.460899317632e+00 
       4.648390742907e-02       2.445208414709e+00 
       4.683255547441e-02       2.429424486586e+00 
       4.719316411280e-02       2.413514520118e+00 
       4.756675301229e-02       2.397477201547e+00 
       4.795446835950e-02       2.381307754357e+00 
       4.835760355679e-02       2.364988108699e+00 
       4.877762409092e-02       2.348473881090e+00 
       4.921619755703e-02       2.331759834299e+00 
       4.967523007970e-02       2.314808538556e+00 
       5.015691069999e-02       2.297614965173e+00 
       5.066376571099e-02       2.280140974526e+00 
       5.119872543759e-02       2.262332376220e+00 
       5.176520658204e-02       2.244170917797e+00 
       5.236721398511e-02       2.225584474730e+00 
       5.300946643626e-02       2.206500505259e+00 
       5.369755186298e-02       2.186832516174e+00 
       5.443811750858e-02       2.166476150058e+00 
       5.523909986108e-02       2.145285565357e+00 
       5.610999569786e-02       2.123074746951e+00 
       5.706216693470e-02       2.099587618010e+00 
       5.810915311482e-02       2.074508607964e+00 
       5.926692833934e-02       2.047377911870e+00 
       6.055397336706e-02       2.017598460446e+00 
       6.199093018729e-02       1.984362959121e+00 
       6.359947940448e-02       1.946614729012e+00 
       6.540001142378e-02       1.903064664293e+00 
       6.740785583239e-02       1.852258078523e+00 
       6.962856953198e-02       1.792838616147e+00 
       7.205402575154e-02       1.723966847459e+00 
       7.466181557294e-02       1.645822711499e+00 
       7.741925944084e-02       1.559910757099e+00 
       8.029037150168e-02       1.468993101202e+00 
       8.324228134396e-02       1.376616066785e+00 
       8.624873566558e-02       1.286485954099e+00 
       8.929066761749e-02       1.201901251085e+00 
       9.235510010565e-02       1.125360473923e+00 
       9.543357073890e-02       1.058433207594e+00 
       9.852071037994e-02       1.001693338882e+00 
       1.016131705477e-01       9.548819817094e-01 
       1.047088850041e-01       9.170544143056e-01 
       1.078065869454e-01       8.867528624030e-01 
       1.109055026726e-01       8.621977830421e-01 
       1.140051606747e-01       8.414581954779e-01 
       1.171052739085e-01       8.226253607455e-01 
       1.202056676777e-01       8.039759211926e-01 
       1.233062356186e-01       7.841139788942e-01 
       1.264069129017e-01       7.620876300613e-01 
       1.295076599371e-01       7.374420965337e-01 
       1.326084524750e-01       7.102123361993e-01 
       1.357092755935e-01       6.808630346887e-01 
       1.388101200478e-01       6.501724544520e-01 
       1.419109800535e-01       6.190977590361e-01 
       1.450118519396e-01       5.886376561606e-01 
       1.481127333302e-01       5.597066561192e-01 
       1.512136226471e-01       5.330591016324e-01 
       1.543145188064e-01       5.092143340924e-01 
       1.574154210335e-01       4.884294314660e-01 
       1.605163287508e-01       4.707377317565e-01 
       1.636172415074e-01       4.559419281641e-01 
       1.667181589372e-01       4.436753316241e-01 
       1.698190807317e-01       4.334142507290e-01 
       1.729200066233e-01       4.246130473495e-01 
       1.760209363751e-01       4.166901612784e-01 
       1.791218697736e-01       4.091598453929e-01 
       1.822228066242e-01       4.014250199132e-01 
       1.853237467480e-01       3.930944963530e-01 
       1.884246899796e-01       3.839204063097e-01 
       1.915256361651e-01       3.738198072482e-01 
       1.946265851615e-01       3.628647683229e-01 
       1.977275368348e-01       3.512551819268e-01 
       2.008284910597e-01       3.392743238008e-01 
       2.039294477188e-01       3.272419312586e-01 
       2.070304067018e-01       3.154684960700e-01 
       2.101313679048e-01       3.042211089852e-01 
       2.132323312304e-01       2.937187802340e-01 
       2.163332965866e-01       2.841078383756e-01 
       2.194342638866e-01       2.754738161974e-01 
       2.225352330487e-01       2.678382469391e-01 
       2.256362039955e-01       2.611432946895e-01 
       2.287371766540e-01       2.552966329381e-01 
       2.318381509550e-01       2.501420155297e-01 
       2.349391268330e-01       2.454990211568e-01 
       2.380401042261e-01       2.411702386611e-01 
       2.411410830753e-01       2.369746697352e-01 
       2.442420633250e-01       2.327580864582e-01 
       2.473430449220e-01       2.284041206306e-01 
       2.504440278160e-01       2.238372435755e-01 
       2.535450119592e-01       2.190270370390e-01 
       2.566459973060e-01       2.139791392520e-01 
       2.597469838130e-01       2.087380926609e-01 
       2.628479714390e-01       2.033719792766e-01 
       2.659489601445e-01       1.979716694953e-01 
       2.690499498921e-01       1.926372030052e-01 
       2.721509406458e-01       1.874685770239e-01 
       2.752519323715e-01       1.825502584941e-01 
       2.783529250366e-01       1.779441053939e-01 
       2.814539186098e-01       1.736816733925e-01 
       2.845549130613e-01       1.697734686242e-01 
       2.876559083625e-01       1.662005191765e-01 
       2.907569044861e-01       1.629297741599e-01 
       2.938579014059e-01       1.599115916215e-01 
       2.969588990968e-01       1.570954396669e-01 
       3.000598975348e-01       1.544241705827e-01 
       3.031608966969e-01       1.518420839704e-01 
       3.062618965610e-01       1.492961485778e-01 
       3.093628971058e-01       1.467431642376e-01 
       3.124638983110e-01       1.441505950951e-01 
       3.155649001570e-01       1.415027143523e-01 
       3.186659026250e-01       1.387986679297e-01 
       3.217669056970e-01       1.360520808147e-01 
       3.248679093555e-01       1.332841959509e-01 
       3.279689135839e-01       1.305223706176e-01 
       3.310699183660e-01       1.277946982290e-01 
       3.341709236865e-01       1.251275871244e-01 
       3.372719295303e-01       1.225444864347e-01 
       3.403729358830e-01       1.200659231665e-01 
       3.434739427310e-01       1.177049302503e-01 
       3.465749500607e-01       1.154718227382e-01 
       3.496759578594e-01       1.133669535152e-01 
       3.527769661145e-01       1.113831372759e-01 
       3.558779748142e-01       1.095068452912e-01 
       3.589789839468e-01       1.077192476599e-01 
       3.620799935012e-01       1.059991469109e-01 
       3.651810034666e-01       1.043283651498e-01 
       3.682820138325e-01       1.026896554732e-01 
       3.713830245890e-01       1.010709839734e-01 
       3.744840357261e-01       9.946310523458e-02 
       3.775850472346e-01       9.786002628385e-02 
       3.806860591053e-01       9.625831829336e-02 
       3.837870713295e-01       9.465823608100e-02 
       3.868880838984e-01       9.306243662358e-02 
       3.899890968040e-01       9.147711885859e-02 
       3.930901100382e-01       8.991030322830e-02 
       3.961911235933e-01       8.837190665513e-02 
       3.992921374617e-01       8.686969376057e-02 
       4.023931516362e-01       8.540997842927e-02 
       4.054941661098e-01       8.399664117035e-02 
       4.085951808755e-01       8.263136312887e-02 
       4.116961959268e-01       8.131350246442e-02 
       4.147972112573e-01       8.004232136776e-02 
       4.178982268607e-01       7.881554377607e-02 
       4.209992427309e-01       7.763102542148e-02 
       4.241002588622e-01       7.648438122758e-02 
       4.272012752487e-01       7.537126793304e-02 
       4.303022918849e-01       7.428483649459e-02 
       4.334033087655e-01       7.321983772864e-02 
       4.365043258852e-01       7.217081751989e-02 
       4.396053432390e-01       7.113441244366e-02 
       4.427063608219e-01       7.010846539270e-02 
       4.458073786292e-01       6.909285331871e-02 
       4.489083966561e-01       6.808777327337e-02 
       4.520094148981e-01       6.709397611465e-02 
       4.551104333508e-01       6.611266618812e-02 
       4.582114520099e-01       6.514484227684e-02 
       4.613124708713e-01       6.419252263615e-02 
       4.644134899308e-01       6.325785341716e-02 
       4.675145091846e-01       6.234362973511e-02 
       4.706155286287e-01       6.145203678647e-02 
       4.737165482595e-01       6.058472586219e-02 
       4.768175680732e-01       5.974181206812e-02 
       4.799185880663e-01       5.892225072992e-02 
       4.830196082354e-01       5.812411889234e-02 
       4.861206285770e-01       5.734537572068e-02 
       4.892216490879e-01       5.658446690766e-02 
       4.923226697648e-01       5.583932526727e-02 
       4.954236906047e-01       5.510859487924e-02 
       4.985247116044e-01       5.439118467187e-02 
       5.016257327611e-01       5.368519209883e-02 
       5.047267540718e-01       5.298906655251e-02 
       5.078277755336e-01       5.230184741878e-02 
       5.109287971439e-01       5.162273912590e-02 
       5.140298188999e-01       5.095202800206e-02 
       5.171308407990e-01       5.029052473478e-02 
       5.202318628386e-01       4.963923086175e-02 
       5.233328850162e-01       4.899930483332e-02 
       5.264339073294e-01       4.837091529069e-02 
       5.295349297758e-01       4.775424872376e-02 
       5.326359523530e-01       4.714917392637e-02 
       5.357369750589e-01       4.655553165888e-02 
       5.388379978910e-01       4.597332033037e-02 
       5.419390208474e-01       4.540284253710e-02 
       5.450400439257e-01       4.484415456264e-02 
       5.481410671241e-01       4.429709730091e-02 
       5.512420904404e-01       4.376103570736e-02 
       5.543431138726e-01       4.323491932733e-02 
       5.574441374189e-01       4.271790274231e-02 
       5.605451610773e-01       4.220911273237e-02 
       5.636461848459e-01       4.170814529966e-02 
       5.667472087230e-01       4.121491896985e-02 
       5.698482327068e-01       4.072938115973e-02 
       5.729492567955e-01       4.025141426573e-02 
       5.760502809874e-01       3.978069830185e-02 
       5.791513052809e-01       3.931679090557e-02 
       5.822523296744e-01       3.885926048681e-02 
       5.853533541662e-01       3.840806199469e-02 
       5.884543787547e-01       3.796340542112e-02 
       5.915554034386e-01       3.752568134190e-02 
       5.946564282162e-01       3.709526317621e-02 
       5.977574530862e-01       3.667236154978e-02 
       6.008584780470e-01       3.625687469759e-02 
       6.039595030973e-01       3.584843798793e-02 
       6.070605282357e-01       3.544671691590e-02 
       6.101615534608e-01       3.505143381163e-02 
       6.132625787714e-01       3.466249887318e-02 
       6.163636041661e-01       3.427996865263e-02 
       6.194646296437e-01       3.390384108371e-02 
       6.225656552030e-01       3.353393860922e-02 
       6.256666808426e-01       3.316993091207e-02 
       6.287677065615e-01       3.281129294778e-02 
       6.318687323584e-01       3.245764474971e-02 
       6.349697582322e-01       3.210874798000e-02 
       6.380707841818e-01       3.176457402377e-02 
       6.411718102061e-01       3.142531037629e-02 
       6.442728363040e-01       3.109107425225e-02 
       6.473738624744e-01       3.076189546360e-02 
       6.504748887164e-01       3.043757227372e-02 
       6.535759150288e-01       3.011791461535e-02 
       6.566769414107e-01       2.980261091295e-02 
       6.597779678610e-01       2.949168978526e-02 
       6.628789943790e-01       2.918513713339e-02 
       6.659800209635e-01       2.888318243950e-02 
       6.690810476136e-01       2.858591533885e-02 
       6.721820743285e-01       2.829333786995e-02 
       6.752831011073e-01       2.800520711196e-02 
       6.783841279491e-01       2.772125393321e-02 
       6.814851548529e-01       2.744119893581e-02 
       6.845861818180e-01       2.716494479252e-02 
       6.876872088436e-01       2.689248326053e-02 
       6.907882359288e-01       2.662384910306e-02 
       6.938892630728e-01       2.635919001134e-02 
       6.969902902749e-01       2.609832359287e-02 
       7.000913175342e-01       2.584113761203e-02 
       7.031923448500e-01       2.558734730023e-02 
       7.062933722216e-01       2.533670932245e-02 
       7.093943996482e-01       2.508924249866e-02 
       7.124954271291e-01       2.484495347436e-02 
       7.155964546635e-01       2.460398593335e-02 
       7.186974822509e-01       2.436646769490e-02 
       7.217985098906e-01       2.413232808291e-02 
       7.248995375817e-01       2.390140738763e-02 
       7.280005653238e-01       2.367349397438e-02 
       7.464455758151e-01       2.237789221373e-02 
       7.651667369126e-01       2.116267192582e-02 
       7.841776806813e-01       2.002080277724e-02 
       8.034934156659e-01       1.894646357568e-02 
       8.231301147915e-01       1.793497384030e-02 
       8.431049008713e-01       1.698152484275e-02 
       8.634356368620e-01       1.608221752607e-02 
       8.841407268964e-01       1.523336134330e-02 
       9.052389329755e-01       1.443145076114e-02 
       9.267492110784e-01       1.367307085010e-02 
       9.486905693738e-01       1.295550039419e-02 
       9.710819502047e-01       1.227611263779e-02 
       9.939421365888e-01       1.163260650565e-02 
       1.017289683121e+00       1.102281540269e-02 
       1.041142870404e+00       1.044480271173e-02 
       1.065519681468e+00       9.896804397255e-03 
       1.090437798090e+00       9.377049879713e-03 
       1.115914614496e+00       8.884180432160e-03 
       1.141967265644e+00       8.416656496022e-03 
       1.168612667124e+00       7.973182113915e-03 
       1.195867563719e+00       7.552452017464e-03 
       1.223748583763e+00       7.153276602135e-03 
       1.252272296696e+00       6.774554708993e-03 
       1.281455271503e+00       6.415292034610e-03 
       1.311314134122e+00       6.074589374155e-03 
       1.341865622330e+00       5.751459027765e-03 
       1.373126636993e+00       5.444967037015e-03 
       1.405114289018e+00       5.154330588843e-03 
       1.437845941636e+00       4.878814055232e-03 
       1.471339247998e+00       4.617511206195e-03 
       1.505612184263e+00       4.369831575580e-03 
       1.540683078543e+00       4.135079807809e-03 
       1.576570636173e+00       3.912520658746e-03 
       1.613293961846e+00       3.701679407473e-03 
       1.650872579130e+00       3.501823171663e-03 
       1.689326447901e+00       3.312518489786e-03 
       1.728675980162e+00       3.133128724967e-03 
       1.768942054649e+00       2.963192682975e-03 
       1.810146030594e+00       2.802271378014e-03 
       1.852309760920e+00       2.649836804891e-03 
       1.895455605103e+00       2.505479434320e-03 
       1.939606441877e+00       2.368801589362e-03 
       1.984785681927e+00       2.239387069905e-03 
       2.031017280652e+00       2.116881013737e-03 
       2.078325751098e+00       2.000906499295e-03 
       2.126736177086e+00       1.891135709273e-03 
       2.176274226598e+00       1.787244711394e-03 
       2.226966165435e+00       1.688921476750e-03 
       2.278838871174e+00       1.595885456687e-03 
       2.331919847426e+00       1.507854529302e-03 
       2.386237238440e+00       1.424570534238e-03 
       2.441819844019e+00       1.345799928296e-03 
       2.498697134798e+00       1.271277203820e-03 
       2.556899267871e+00       1.200791967672e-03 
       2.616457102781e+00       1.134139672612e-03 
       2.677402217879e+00       1.071097638922e-03 
       2.739766927073e+00       1.011497160182e-03 
       2.803584296956e+00       9.551380611527e-04 
       2.868888164343e+00       9.018583119709e-04 
       2.935713154210e+00       8.514925962819e-04 
       3.004094698049e+00       8.038802891201e-04 
       3.074069052662e+00       7.588790451658e-04 
       3.145673319376e+00       7.163485529261e-04 
       3.218945463722e+00       6.761558252915e-04 
       3.293924335560e+00       6.381791911551e-04 
       3.370649689682e+00       6.022881541802e-04 
       3.449162206885e+00       5.683856183274e-04 
       3.529503515545e+00       5.363563926644e-04 
       3.611716213687e+00       5.060960293798e-04 
       3.695843891573e+00       4.775123980836e-04 
       3.781931154810e+00       4.505140253967e-04 
       3.870023648006e+00       4.250198903695e-04 
       3.960168078965e+00       4.009400739514e-04 
       4.052412243459e+00       3.782018350175e-04 
       4.146805050564e+00       3.567315570520e-04 
       4.243396548597e+00       3.364602387725e-04 
       4.342237951647e+00       3.173205585548e-04 
       4.443381666736e+00       2.992544494958e-04 
       4.546881321600e+00       2.822013242525e-04 
       4.652791793126e+00       2.661015401991e-04 
       4.761169236447e+00       2.509049127176e-04 
       4.872071114719e+00       2.365643448608e-04 
       4.985556229585e+00       2.230317453303e-04 
       5.101684752356e+00       2.102609990392e-04 
       5.220518255912e+00       1.982089738517e-04 
       5.342119747348e+00       1.868387833926e-04 
       5.466553701386e+00       1.761096293074e-04 
       5.593886094555e+00       1.659885659457e-04 
       5.724184440175e+00       1.564421861099e-04 
       5.857517824153e+00       1.474366332126e-04 
       5.993956941616e+00       1.389406255654e-04 
       6.133574134388e+00       1.309275544624e-04 
       6.276443429353e+00       1.233705453125e-04 
       6.422640577704e+00       1.162449855527e-04 
       6.572243095103e+00       1.095239951837e-04 
       6.725330302784e+00       1.031872594776e-04 
       6.881983369612e+00       9.721177962446e-05 
       7.042285355117e+00       9.157791207191e-05 
       7.206321253532e+00       8.626636832513e-05 
       7.374178038864e+00       8.125848363696e-05 
       7.545944711000e+00       7.653829230119e-05 
       7.721712342904e+00       7.208812390147e-05 
       7.901574128902e+00       6.789385669375e-05 
       8.085625434092e+00       6.394074367434e-05 
       8.273963844913e+00       6.021500454825e-05 
       8.466689220884e+00       5.670369648974e-05 
       8.663903747550e+00       5.339425421036e-05 
       8.865711990663e+00       5.027653473399e-05 
       9.072220951624e+00       4.733799297101e-05 
       9.283540124220e+00       4.456895613972e-05 
       9.499781552671e+00       4.196066527799e-05 
       9.721059891047e+00       3.950293355214e-05 
       9.947492464050e+00       3.718782793338e-05 
       1.017919932923e+01       3.500697989795e-05 
       1.041630334063e+01       3.295208405306e-05 
       1.065893021393e+01       3.101684975667e-05 
       1.090720859313e+01       2.919396675648e-05 
       1.116127011869e+01       2.747680866784e-05 
       1.142124949741e+01       2.585978325426e-05 
       1.168728457379e+01       2.433703214919e-05 
       1.195951640315e+01       2.290292086141e-05 
       1.223808932641e+01       2.155225276005e-05 
       1.252315104662e+01       2.028054990632e-05 
       1.281485270728e+01       1.908319860154e-05 
       1.311334897247e+01       1.795574200170e-05 
       1.341879810886e+01       1.689417011805e-05 
       1.373136206963e+01       1.589489597752e-05 
       1.405120658032e+01       1.495400035720e-05 
       1.437850122673e+01       1.406842589832e-05 
       1.471341954482e+01       1.323465503609e-05 
       1.505613911270e+01       1.244982708730e-05 
       1.540684164483e+01       1.171104025570e-05 
       1.576571308833e+01       1.101560000775e-05 
       1.613294372160e+01       1.036150021709e-05 
       1.650872825517e+01       9.745509425964e-06 
       1.689326593498e+01       9.165947275614e-06 
       1.728676064800e+01       8.620474698994e-06 
       1.768942103034e+01       8.107174476338e-06 
       1.810146057785e+01       7.624173445354e-06 
       1.852309775936e+01       7.169727964061e-06 
       1.895455613248e+01       6.742062674237e-06 
       1.939606446216e+01       6.339747710470e-06 
       1.984785684196e+01       5.961205865671e-06 
       2.031017281816e+01       5.605070001640e-06 
       2.078325751684e+01       5.270030801643e-06 
       2.126736177375e+01       4.954861443764e-06 
       2.176274226738e+01       4.658376194383e-06 
       2.226966165502e+01       4.379471612276e-06 
       2.278838871204e+01       4.117132637457e-06 
       2.331919847440e+01       3.870387790320e-06 
       2.386237238446e+01       3.638281149489e-06 
       2.441819844021e+01       3.420016317935e-06 
       2.498697134799e+01       3.214746208549e-06 
       2.556899267872e+01       3.021654349556e-06 
       2.616457102781e+01       2.840115050362e-06 
       2.677402217879e+01       2.669356771747e-06 
       2.739766927073e+01       2.508809986991e-06 
       2.803584296956e+01       2.357845561304e-06 
       2.868888164343e+01       2.215874156799e-06 
       2.935713154210e+01       2.082418024943e-06 
       3.004094698049e+01       1.956908428730e-06 
       3.074069052662e+01       1.838908580600e-06 
       3.145673319376e+01       1.727969715946e-06 
       3.218945463722e+01       1.623685644737e-06 
       3.293924335560e+01       1.525647446196e-06 
       3.370649689682e+01       1.433488027092e-06 
       3.449162206885e+01       1.346848400713e-06 
       3.529503515545e+01       1.265409362953e-06 
       3.611716213687e+01       1.188852930128e-06 
       3.695843891573e+01       1.116910866796e-06 
       3.781931154810e+01       1.049275940275e-06 
       3.870023648006e+01       9.857097521737e-07 
       3.960168078965e+01       9.259731690403e-07 
       4.052412243459e+01       8.698348947065e-07 
       4.146805050564e+01       8.170573932545e-07 
       4.243396548597e+01       7.674763422593e-07 
       4.342237951647e+01       7.208787509297e-07 
       4.443381666736e+01       6.770857279989e-07 
       4.546881321600e+01       6.359384646307e-07 
       4.652791793126e+01       5.972684340330e-07 
       4.761169236447e+01       5.609413339920e-07 
       4.872071114719e+01       5.268042087191e-07 
       4.985556229585e+01       4.947325016845e-07 
       5.101684752356e+01       4.646003023947e-07 
       5.220518255912e+01       4.362897680927e-07 
       5.342119747348e+01       4.096915882821e-07 
       5.466553701386e+01       3.847046904117e-07 
       5.593886094555e+01       3.612339944658e-07 
       5.724184440175e+01       3.391824994421e-07 
       5.857517824153e+01       3.184670407429e-07 
       5.993956941616e+01       2.990101409541e-07 
       6.133574134388e+01       2.807320610793e-07 
       6.276443429353e+01       2.635641841838e-07 
       6.422640577704e+01       2.474400567800e-07 
       6.572243095102e+01       2.322943188478e-07 
       6.725330302784e+01       2.180710914003e-07 
       6.881983369612e+01       2.047114275871e-07 
       7.042285355117e+01       1.921646368336e-07 
       7.206321253532e+01       1.803822823548e-07 
       7.374178038864e+01       1.693162554640e-07 
       7.545944711000e+01       1.589249660964e-07 
       7.721712342904e+01       1.491666901117e-07 
       7.901574128902e+01       1.400039857699e-07 
       8.085625434092e+01       1.313994953262e-07 
       8.273963844913e+01       1.233202591600e-07 
       8.466689220884e+01       1.157339356806e-07 
       8.663903747550e+01       1.086109175185e-07 
       8.865711990663e+01       1.019242390202e-07 
       9.072220951624e+01       9.564509365640e-08 
       9.283540124220e+01       8.975029698154e-08 
       9.499781552671e+01       8.421562048242e-08 
       9.721059891047e+01       7.902024306970e-08 
       9.947492464050e+01       7.414270927387e-08 
       1.017919932923e+02       6.956411162901e-08 
       1.041630334063e+02       6.526563097043e-08 
       1.065893021393e+02       6.123087615371e-08 
       1.090720859313e+02       5.744345369649e-08 
       1.116127011869e+02       5.388863930703e-08 
       1.142124949741e+02       5.055169202689e-08 
       1.168728457379e+02       4.742024395901e-08 
       1.195951640315e+02       4.448003084712e-08 
       1.223808932641e+02       4.172135601545e-08 
       1.252315104662e+02       3.913208516244e-08 
       1.281485270728e+02       3.670212656299e-08 
       1.311334897247e+02       3.442146587941e-08 
       1.341879810886e+02       3.228145203151e-08 
       1.373136206963e+02       3.027346239819e-08 
       1.405120658032e+02       2.838883993668e-08 
       1.437850122673e+02       2.662031552140e-08 
       1.471341954482e+02       2.496113333532e-08 
       1.505613911270e+02       2.340422672254e-08 
       1.540684164483e+02       2.194347909155e-08 
       1.576571308833e+02       2.057263707231e-08 
       1.613294372160e+02       1.928693005876e-08 
       1.650872825517e+02       1.808033178353e-08 
       1.689326593498e+02       1.694857701967e-08 
       1.728676064800e+02       1.588680887691e-08 
       1.768942103034e+02       1.489081519789e-08 
       1.810146057785e+02       1.395631283253e-08 
       1.852309775936e+02       1.307999298373e-08 
       1.895455613248e+02       1.225768340497e-08 
       1.939606446216e+02       1.148650664721e-08 
       1.984785684195e+02       1.076337696574e-08 
       2.031017281816e+02       1.008497928459e-08 
