# Matter power spectrum P(k) at redshift z=99
# for k=1.00899e-05 to 203.102 h/Mpc,
# number of wavenumbers equal to 845
#    1:k (h/Mpc)              2:P (Mpc/h)^3        
       1.008985923246e-05       1.493218292699e-02 
       2.251775554681e-05       1.312850552020e-02 
       3.498636120247e-05       2.159534023719e-02 
       4.752690064658e-05       3.345985862242e-02 
       6.017107953230e-05       4.474890077204e-02 
       7.295134796122e-05       5.755141358310e-02 
       8.590117158737e-05       6.884488091943e-02 
       9.905531395762e-05       7.885619891095e-02 
       1.124501334903e-04       8.842280180831e-02 
       1.261238985241e-04       9.850629267300e-02 
       1.401171238832e-04       1.083223016913e-01 
       1.544729323814e-04       1.187584972845e-01 
       1.692374445844e-04       1.296997627935e-01 
       1.844601999316e-04       1.406698124018e-01 
       2.001946119095e-04       1.517441088516e-01 
       2.164984592990e-04       1.634015770556e-01 
       2.334344144703e-04       1.757023187920e-01 
       2.510706081373e-04       1.882795477623e-01 
       2.694812277303e-04       2.016581245758e-01 
       2.887471433953e-04       2.154173494568e-01 
       3.089565513139e-04       2.298104698367e-01 
       3.302056182976e-04       2.448939034085e-01 
       3.525991041420e-04       2.607535565058e-01 
       3.762509287930e-04       2.774379077914e-01 
       4.012846398372e-04       2.950899383412e-01 
       4.278337222871e-04       3.137624108656e-01 
       4.560416775835e-04       3.334970143058e-01 
       4.860617833145e-04       3.545083957289e-01 
       5.180564313506e-04       3.767931071686e-01 
       5.521959330389e-04       4.005812997525e-01 
       5.886566801031e-04       4.258131652033e-01 
       6.276185643138e-04       4.527031203303e-01 
       6.692615934693e-04       4.813870117405e-01 
       7.137617003222e-04       5.118788223868e-01 
       7.612858261435e-04       5.443480514691e-01 
       8.119864671933e-04       5.788793771217e-01 
       8.659959882004e-04       6.154830002282e-01 
       9.234211115549e-04       6.542252645902e-01 
       9.843380583383e-04       6.951903009413e-01 
       1.048788822492e-03       7.383197575512e-01 
       1.116778986862e-03       7.835867054193e-01 
       1.188277341593e-03       8.309850822253e-01 
       1.263217364035e-03       8.803912853668e-01 
       1.341500403710e-03       9.317029367441e-01 
       1.423000229794e-03       9.847766786089e-01 
       1.507568477172e-03       1.039584642620e+00 
       1.595040487038e-03       1.095870861992e+00 
       1.685241074673e-03       1.153511889747e+00 
       1.777989849548e-03       1.212371783318e+00 
       1.873105833077e-03       1.272285457383e+00 
       1.970411240942e-03       1.333098453914e+00 
       2.069734400901e-03       1.394655091873e+00 
       2.170911853969e-03       1.456834708148e+00 
       2.273789735124e-03       1.519504441869e+00 
       2.378224553043e-03       1.582520139042e+00 
       2.484083492891e-03       1.645793693102e+00 
       2.591244358339e-03       1.709196773604e+00 
       2.699595254278e-03       1.772640238653e+00 
       2.809034094327e-03       1.836030470388e+00 
       2.919467999818e-03       1.899286138460e+00 
       3.030812641171e-03       1.962336590443e+00 
       3.142991559080e-03       2.025097877779e+00 
       3.255935491967e-03       2.087515780088e+00 
       3.369581727509e-03       2.149532532934e+00 
       3.483873489548e-03       2.211091729615e+00 
       3.598759366763e-03       2.272143874860e+00 
       3.714192786088e-03       2.332649056603e+00 
       3.830131531369e-03       2.392567344563e+00 
       3.946537306183e-03       2.451857495497e+00 
       4.063375338686e-03       2.510495174201e+00 
       4.180614025754e-03       2.568444133180e+00 
       4.298224613405e-03       2.625683832973e+00 
       4.416180910359e-03       2.682188750036e+00 
       4.534459031676e-03       2.737936766819e+00 
       4.653037169509e-03       2.792912916201e+00 
       4.771895388214e-03       2.847100357580e+00 
       4.891015441268e-03       2.900485245311e+00 
       5.010380607654e-03       2.953055283306e+00 
       5.129975545600e-03       3.004800562011e+00 
       5.249786161774e-03       3.055714541007e+00 
       5.369799494223e-03       3.105789340552e+00 
       5.490003607536e-03       3.155020545571e+00 
       5.610387498875e-03       3.203402476483e+00 
       5.730941013670e-03       3.250936267773e+00 
       5.851654769906e-03       3.297620311287e+00 
       5.972520090068e-03       3.343452385136e+00 
       6.093528939880e-03       3.388434903806e+00 
       6.214673873133e-03       3.432569666316e+00 
       6.335947981903e-03       3.475861767286e+00 
       6.457344851613e-03       3.518311410218e+00 
       6.578858520406e-03       3.559923563183e+00 
       6.700483442374e-03       3.600702874217e+00 
       6.822214454238e-03       3.640657981746e+00 
       6.944046745134e-03       3.679790702901e+00 
       7.065975829162e-03       3.718112768963e+00 
       7.187997520434e-03       3.755631970297e+00 
       7.310107910369e-03       3.792351916701e+00 
       7.432303346994e-03       3.828276725492e+00 
       7.554580416072e-03       3.863422069808e+00 
       7.676935923868e-03       3.897797980027e+00 
       7.799366881390e-03       3.931405515489e+00 
       7.921870489981e-03       3.964251623242e+00 
       8.044444128110e-03       3.996358301921e+00 
       8.167085339271e-03       4.027723263589e+00 
       8.289791820870e-03       4.058360534312e+00 
       8.412561414027e-03       4.088282044320e+00 
       8.535392094189e-03       4.117486608466e+00 
       8.658281962499e-03       4.145992609081e+00 
       8.781229237845e-03       4.173805508654e+00 
       8.904232249532e-03       4.200936960645e+00 
       9.027289430517e-03       4.227393977764e+00 
       9.150399311170e-03       4.253183988339e+00 
       9.273560513504e-03       4.278323624459e+00 
       9.396771745844e-03       4.302812619321e+00 
       9.520031797891e-03       4.326663443822e+00 
       9.643339536152e-03       4.349884010278e+00 
       9.766693899711e-03       4.372479811161e+00 
       9.890093896300e-03       4.394466180065e+00 
       1.001353859866e-02       4.415846030347e+00 
       1.013702714118e-02       4.436634045970e+00 
       1.026055871672e-02       4.456826462633e+00 
       1.038413257374e-02       4.476439092809e+00 
       1.050774801356e-02       4.495483531675e+00 
       1.063140438788e-02       4.513951546407e+00 
       1.075510109639e-02       4.531867753099e+00 
       1.087883758462e-02       4.549232292646e+00 
       1.100261334193e-02       4.566050910298e+00 
       1.112642789957e-02       4.582334055877e+00 
       1.125028082899e-02       4.598082967058e+00 
       1.137417174014e-02       4.613314380731e+00 
       1.149810028000e-02       4.628019325023e+00 
       1.162206613114e-02       4.642219983217e+00 
       1.174606901039e-02       4.655909967399e+00 
       1.187010866765e-02       4.669105779178e+00 
       1.199418488471e-02       4.681810648916e+00 
       1.211829747421e-02       4.694024170820e+00 
       1.224244627863e-02       4.705761976435e+00 
       1.236663116941e-02       4.717020720762e+00 
       1.249085204607e-02       4.727819582363e+00 
       1.261510883545e-02       4.738147201415e+00 
       1.273940149094e-02       4.748024446700e+00 
       1.286372999182e-02       4.757447795077e+00 
       1.298809434267e-02       4.766423177048e+00 
       1.311249457272e-02       4.774958569373e+00 
       1.323693073542e-02       4.783059413641e+00 
       1.336140290784e-02       4.790727771272e+00 
       1.348591119034e-02       4.797978019596e+00 
       1.361045570605e-02       4.804805483195e+00 
       1.373503660061e-02       4.811217031716e+00 
       1.385965404174e-02       4.817222061051e+00 
       1.398430821901e-02       4.822823131276e+00 
       1.410899934352e-02       4.828023404053e+00 
       1.423372764771e-02       4.832834597346e+00 
       1.435849338511e-02       4.837255806368e+00 
       1.448329683018e-02       4.841294846851e+00 
       1.460813827812e-02       4.844955063751e+00 
       1.473301804481e-02       4.848241050876e+00 
       1.485793646664e-02       4.851157934330e+00 
       1.498289390044e-02       4.853713617669e+00 
       1.510789072347e-02       4.855910120413e+00 
       1.523292733332e-02       4.857753891651e+00 
       1.535800414793e-02       4.859247139692e+00 
       1.548312160558e-02       4.860394200504e+00 
       1.560828016494e-02       4.861206362373e+00 
       1.573348030509e-02       4.861676550868e+00 
       1.585872252561e-02       4.861830117752e+00 
       1.598400734663e-02       4.861657151942e+00 
       1.610933530897e-02       4.861149111316e+00 
       1.623470697422e-02       4.860331387928e+00 
       1.636012292492e-02       4.859210827427e+00 
       1.648558376469e-02       4.857773116040e+00 
       1.661109011841e-02       4.856034955516e+00 
       1.673664263240e-02       4.854001713362e+00 
       1.686224197463e-02       4.851672824606e+00 
       1.698788883495e-02       4.849051478758e+00 
       1.711358392534e-02       4.846154613677e+00 
       1.723932798012e-02       4.842962546687e+00 
       1.736512175629e-02       4.839517341747e+00 
       1.749096603375e-02       4.835782793404e+00 
       1.761686161566e-02       4.831788567910e+00 
       1.774280932873e-02       4.827520414345e+00 
       1.786881002356e-02       4.823001441245e+00 
       1.799486457501e-02       4.818227337077e+00 
       1.812097388257e-02       4.813199520010e+00 
       1.824713887072e-02       4.807927995138e+00 
       1.837336048938e-02       4.802408750766e+00 
       1.849963971429e-02       4.796651290608e+00 
       1.862597754748e-02       4.790657426165e+00 
       1.875237501771e-02       4.784434148119e+00 
       1.887883318094e-02       4.777973426806e+00 
       1.900535312085e-02       4.771310195122e+00 
       1.913193594933e-02       4.764419533142e+00 
       1.925858280700e-02       4.757303444014e+00 
       1.938529486380e-02       4.749979160272e+00 
       1.951207331950e-02       4.742441242530e+00 
       1.963891940434e-02       4.734703575885e+00 
       1.976583437961e-02       4.726761366705e+00 
       1.989281953829e-02       4.718625034579e+00 
       2.001987620571e-02       4.710291520379e+00 
       2.014700574018e-02       4.701771292217e+00 
       2.027420953374e-02       4.693047318365e+00 
       2.040148901283e-02       4.684162992542e+00 
       2.052884563906e-02       4.675084206591e+00 
       2.065628090997e-02       4.665828308722e+00 
       2.078379635978e-02       4.656391047525e+00 
       2.091139356027e-02       4.646800095356e+00 
       2.103907412157e-02       4.637028866597e+00 
       2.116683969302e-02       4.627101127378e+00 
       2.129469196411e-02       4.617011429674e+00 
       2.142263266535e-02       4.606762987548e+00 
       2.155066356926e-02       4.596360509774e+00 
       2.167878649131e-02       4.585802135181e+00 
       2.180700329099e-02       4.575089573043e+00 
       2.193531587278e-02       4.564240881978e+00 
       2.206372618728e-02       4.553252002175e+00 
       2.219223623229e-02       4.542114454825e+00 
       2.232084805397e-02       4.530855381071e+00 
       2.244956374803e-02       4.519448123293e+00 
       2.257838546090e-02       4.507916797517e+00 
       2.270731539105e-02       4.496258357634e+00 
       2.283635579024e-02       4.484471393951e+00 
       2.296550896486e-02       4.472565944561e+00 
       2.309477727734e-02       4.460545674171e+00 
       2.322416314755e-02       4.448406072174e+00 
       2.335366905427e-02       4.436149885454e+00 
       2.348329753672e-02       4.423787076545e+00 
       2.361305119611e-02       4.411317426525e+00 
       2.374293269725e-02       4.398740508445e+00 
       2.387294477028e-02       4.386062029845e+00 
       2.400309021230e-02       4.373283585767e+00 
       2.413337188923e-02       4.360404309118e+00 
       2.426379273761e-02       4.347435689814e+00 
       2.439435576650e-02       4.334374202462e+00 
       2.452506405949e-02       4.321221619498e+00 
       2.465592077667e-02       4.307982247060e+00 
       2.478692915676e-02       4.294658787475e+00 
       2.491809251927e-02       4.281251381933e+00 
       2.504941426679e-02       4.267764839303e+00 
       2.518089788722e-02       4.254202675628e+00 
       2.531254695627e-02       4.240570151355e+00 
       2.544436513988e-02       4.226852318178e+00 
       2.557635619681e-02       4.213071392572e+00 
       2.570852398133e-02       4.199230524527e+00 
       2.584087244594e-02       4.185302000900e+00 
       2.597340564424e-02       4.171323717640e+00 
       2.610612773389e-02       4.157282090707e+00 
       2.623904297966e-02       4.143178677104e+00 
       2.637215575665e-02       4.129020014132e+00 
       2.650547055353e-02       4.114804898322e+00 
       2.663899197597e-02       4.100536309110e+00 
       2.677272475021e-02       4.086217496642e+00 
       2.690667372668e-02       4.071847808457e+00 
       2.704084388387e-02       4.057431484631e+00 
       2.717524033223e-02       4.042968781825e+00 
       2.730986831833e-02       4.028461957112e+00 
       2.744473322907e-02       4.013913221984e+00 
       2.757984059617e-02       3.999325678299e+00 
       2.771519610072e-02       3.984697896896e+00 
       2.785080557800e-02       3.970034166945e+00 
       2.798667502244e-02       3.955335905123e+00 
       2.812281059279e-02       3.940604424779e+00 
       2.825921861753e-02       3.925840989061e+00 
       2.839590560043e-02       3.911047481067e+00 
       2.853287822642e-02       3.896225965892e+00 
       2.867014336763e-02       3.881377458195e+00 
       2.880770808975e-02       3.866504284569e+00 
       2.894557965859e-02       3.851606707823e+00 
       2.908376554696e-02       3.836687040549e+00 
       2.922227344183e-02       3.821747522213e+00 
       2.936111125182e-02       3.806788359918e+00 
       2.950028711498e-02       3.791809236224e+00 
       2.963980940692e-02       3.776815347514e+00 
       2.977968674934e-02       3.761805630969e+00 
       2.991992801888e-02       3.746782184928e+00 
       3.006054235642e-02       3.731747178786e+00 
       3.020153917674e-02       3.716697689311e+00 
       3.034292817872e-02       3.701640614219e+00 
       3.048471935591e-02       3.686573221046e+00 
       3.062692300766e-02       3.671500101209e+00 
       3.076954975073e-02       3.656417547074e+00 
       3.091261053153e-02       3.641331197300e+00 
       3.105611663883e-02       3.626237792471e+00 
       3.120007971717e-02       3.611141969515e+00 
       3.134451178094e-02       3.596044829230e+00 
       3.148942522908e-02       3.580944827822e+00 
       3.163483286058e-02       3.565843486976e+00 
       3.178074789075e-02       3.550743294974e+00 
       3.192718396829e-02       3.535643789076e+00 
       3.207415519325e-02       3.520547384141e+00 
       3.222167613596e-02       3.505452367803e+00 
       3.236976185693e-02       3.490359472202e+00 
       3.251842792776e-02       3.475274081864e+00 
       3.266769045326e-02       3.460191679746e+00 
       3.281756609471e-02       3.445116387466e+00 
       3.296807209441e-02       3.430046376386e+00 
       3.311922630162e-02       3.414984393466e+00 
       3.327104719986e-02       3.399927422428e+00 
       3.342355393590e-02       3.384879991988e+00 
       3.357676635028e-02       3.369842284249e+00 
       3.373070500968e-02       3.354810897241e+00 
       3.388539124115e-02       3.339790528765e+00 
       3.404084716838e-02       3.324778858211e+00 
       3.419709575014e-02       3.309779572039e+00 
       3.435416082110e-02       3.294789773171e+00 
       3.451206713503e-02       3.279812058339e+00 
       3.467084041087e-02       3.264845178528e+00 
       3.483050738153e-02       3.249887864876e+00 
       3.499109584590e-02       3.234942825096e+00 
       3.515263472420e-02       3.220011518897e+00 
       3.531515411689e-02       3.205091029327e+00 
       3.547868536756e-02       3.190183090616e+00 
       3.564326112997e-02       3.175285401685e+00 
       3.580891543966e-02       3.160400917158e+00 
       3.597568379052e-02       3.145529786230e+00 
       3.614360321665e-02       3.130669385372e+00 
       3.631271238005e-02       3.115819720262e+00 
       3.648305166451e-02       3.100983158105e+00 
       3.665466327647e-02       3.086157522552e+00 
       3.682759135313e-02       3.071343793754e+00 
       3.700188207881e-02       3.056540473271e+00 
       3.717758380999e-02       3.041748062772e+00 
       3.735474721006e-02       3.026964206307e+00 
       3.753342539455e-02       3.012192127326e+00 
       3.771367408789e-02       2.997426236533e+00 
       3.789555179276e-02       2.982670284135e+00 
       3.807911997330e-02       2.967922615159e+00 
       3.826444325354e-02       2.953183159294e+00 
       3.845158963247e-02       2.938449148837e+00 
       3.864063071773e-02       2.923718693069e+00 
       3.883164197941e-02       2.908996603211e+00 
       3.902470302655e-02       2.894275323980e+00 
       3.921989790844e-02       2.879558944094e+00 
       3.941731544346e-02       2.864842348382e+00 
       3.961704957874e-02       2.850126384981e+00 
       3.981919978381e-02       2.835410016310e+00 
       4.002387148228e-02       2.820692285636e+00 
       4.023117652610e-02       2.805969955459e+00 
       4.044123371716e-02       2.791242335976e+00 
       4.065416938230e-02       2.776507540479e+00 
       4.087011800810e-02       2.761765586192e+00 
       4.108922294299e-02       2.747012348838e+00 
       4.131163717545e-02       2.732246798749e+00 
       4.153752419801e-02       2.717465066352e+00 
       4.176705896879e-02       2.702668427853e+00 
       4.200042898355e-02       2.687849755737e+00 
       4.223783547389e-02       2.673008301648e+00 
       4.247949474925e-02       2.658145433310e+00 
       4.272563970381e-02       2.643252307755e+00 
       4.297652151252e-02       2.628325803821e+00 
       4.323241154501e-02       2.613365642090e+00 
       4.349360353122e-02       2.598368365652e+00 
       4.376041601845e-02       2.583326277065e+00 
       4.403319516735e-02       2.568237085963e+00 
       4.431231794305e-02       2.553096275769e+00 
       4.459819576870e-02       2.537897968125e+00 
       4.489127872208e-02       2.522640991178e+00 
       4.519206037240e-02       2.507311279219e+00 
       4.550108337449e-02       2.491903519258e+00 
       4.581894596305e-02       2.476417720157e+00 
       4.614630952020e-02       2.460839472945e+00 
       4.648390742907e-02       2.445158955381e+00 
       4.683255547441e-02       2.429370980845e+00 
       4.719316411280e-02       2.413468670077e+00 
       4.756675301229e-02       2.397435822860e+00 
       4.795446835950e-02       2.381261928978e+00 
       4.835760355679e-02       2.364942984120e+00 
       4.877762409092e-02       2.348422294976e+00 
       4.921619755703e-02       2.331692185894e+00 
       4.967523007970e-02       2.314743976343e+00 
       5.015691069999e-02       2.297538242569e+00 
       5.066376571099e-02       2.280054593692e+00 
       5.119872543759e-02       2.262245194553e+00 
       5.176520658204e-02       2.244070408261e+00 
       5.236721398511e-02       2.225473672602e+00 
       5.300946643626e-02       2.206380314123e+00 
       5.369755186298e-02       2.186707175119e+00 
       5.443811750858e-02       2.166342611875e+00 
       5.523909986108e-02       2.145142318033e+00 
       5.610999569786e-02       2.122921754340e+00 
       5.706216693470e-02       2.099432369069e+00 
       5.810915311482e-02       2.074342299029e+00 
       5.926692833934e-02       2.047204514294e+00 
       6.055397336706e-02       2.017418789193e+00 
       6.199093018729e-02       1.984169271391e+00 
       6.359947940448e-02       1.946419799607e+00 
       6.540001142378e-02       1.902859306578e+00 
       6.740785583239e-02       1.852039215171e+00 
       6.962856953198e-02       1.792598496450e+00 
       7.205402575154e-02       1.723696051548e+00 
       7.466181557294e-02       1.645510390474e+00 
       7.741925944084e-02       1.559553876324e+00 
       8.029037150168e-02       1.468594772408e+00 
       8.324228134396e-02       1.376189353963e+00 
       8.624873566558e-02       1.286052591375e+00 
       8.929066761749e-02       1.201482423048e+00 
       9.235510010565e-02       1.124983851316e+00 
       9.543357073890e-02       1.058102298388e+00 
       9.852071037994e-02       1.001424500912e+00 
       1.016131705477e-01       9.546821478431e-01 
       1.047088850041e-01       9.169233532143e-01 
       1.078065869454e-01       8.866859296027e-01 
       1.109055026726e-01       8.621835763326e-01 
       1.140051606747e-01       8.414841109956e-01 
       1.171052739085e-01       8.226774395920e-01 
       1.202056676777e-01       8.040419524393e-01 
       1.233062356186e-01       7.841872821317e-01 
       1.264069129017e-01       7.621622803337e-01 
       1.295076599371e-01       7.375136210445e-01 
       1.326084524750e-01       7.102748758817e-01 
       1.357092755935e-01       6.809188072782e-01 
       1.388101200478e-01       6.502183342846e-01 
       1.419109800535e-01       6.191340634283e-01 
       1.450118519396e-01       5.886653616611e-01 
       1.481127333302e-01       5.597301758790e-01 
       1.512136226471e-01       5.330761714030e-01 
       1.543145188064e-01       5.092243017656e-01 
       1.574154210335e-01       4.884425566850e-01 
       1.605163287508e-01       4.707523381968e-01 
       1.636172415074e-01       4.559598164373e-01 
       1.667181589372e-01       4.436911514116e-01 
       1.698190807317e-01       4.334469233541e-01 
       1.729200066233e-01       4.246533489369e-01 
       1.760209363751e-01       4.167306978421e-01 
       1.791218697736e-01       4.091900438866e-01 
       1.822228066242e-01       4.014456257022e-01 
       1.853237467480e-01       3.931087807679e-01 
       1.884246899796e-01       3.839351865888e-01 
       1.915256361651e-01       3.738392176561e-01 
       1.946265851615e-01       3.628915168481e-01 
       1.977275368348e-01       3.512894706809e-01 
       2.008284910597e-01       3.393134148252e-01 
       2.039294477188e-01       3.272783464239e-01 
       2.070304067018e-01       3.154979507277e-01 
       2.101313679048e-01       3.042444512735e-01 
       2.132323312304e-01       2.937336521884e-01 
       2.163332965866e-01       2.841187225986e-01 
       2.194342638866e-01       2.754831563140e-01 
       2.225352330487e-01       2.678459998167e-01 
       2.256362039955e-01       2.611549957507e-01 
       2.287371766540e-01       2.553091692888e-01 
       2.318381509550e-01       2.501549938737e-01 
       2.349391268330e-01       2.455092073636e-01 
       2.380401042261e-01       2.411800879487e-01 
       2.411410830753e-01       2.369845548173e-01 
       2.442420633250e-01       2.327690201965e-01 
       2.473430449220e-01       2.284143319340e-01 
       2.504440278160e-01       2.238464860499e-01 
       2.535450119592e-01       2.190343010554e-01 
       2.566459973060e-01       2.139853810854e-01 
       2.597469838130e-01       2.087412752416e-01 
       2.628479714390e-01       2.033749054869e-01 
       2.659489601445e-01       1.979754590191e-01 
       2.690499498921e-01       1.926432844291e-01 
       2.721509406458e-01       1.874763988188e-01 
       2.752519323715e-01       1.825587318693e-01 
       2.783529250366e-01       1.779519665775e-01 
       2.814539186098e-01       1.736897278453e-01 
       2.845549130613e-01       1.697798247726e-01 
       2.876559083625e-01       1.662054735467e-01 
       2.907569044861e-01       1.629326886178e-01 
       2.938579014059e-01       1.599150208851e-01 
       2.969588990968e-01       1.570988537217e-01 
       3.000598975348e-01       1.544275786824e-01 
       3.031608966969e-01       1.518449437105e-01 
       3.062618965610e-01       1.492987660494e-01 
       3.093628971058e-01       1.467452758685e-01 
       3.124638983110e-01       1.441532839735e-01 
       3.155649001570e-01       1.415064237396e-01 
       3.186659026250e-01       1.388038441092e-01 
       3.217669056970e-01       1.360579479696e-01 
       3.248679093555e-01       1.332901372019e-01 
       3.279689135839e-01       1.305283658654e-01 
       3.310699183660e-01       1.277999606947e-01 
       3.341709236865e-01       1.251321442108e-01 
       3.372719295303e-01       1.225487004944e-01 
       3.403729358830e-01       1.200695511916e-01 
       3.434739427310e-01       1.177094910482e-01 
       3.465749500607e-01       1.154758678018e-01 
       3.496759578594e-01       1.133704364617e-01 
       3.527769661145e-01       1.113860419757e-01 
       3.558779748142e-01       1.095087196480e-01 
       3.589789839468e-01       1.077203387970e-01 
       3.620799935012e-01       1.060008795949e-01 
       3.651810034666e-01       1.043306224585e-01 
       3.682820138325e-01       1.026927885075e-01 
       3.713830245890e-01       1.010751549299e-01 
       3.744840357261e-01       9.946796488503e-02 
       3.775850472346e-01       9.786525404956e-02 
       3.806860591053e-01       9.626380199412e-02 
       3.837870713295e-01       9.466361867357e-02 
       3.868880838984e-01       9.306785372501e-02 
       3.899890968040e-01       9.148251284069e-02 
       3.930901100382e-01       8.991574759179e-02 
       3.961911235933e-01       8.837670047505e-02 
       3.992921374617e-01       8.687369796360e-02 
       4.023931516362e-01       8.541319645236e-02 
       4.054941661098e-01       8.399923484902e-02 
       4.085951808755e-01       8.263346095553e-02 
       4.116961959268e-01       8.131581026592e-02 
       4.147972112573e-01       8.004504709562e-02 
       4.178982268607e-01       7.881910147859e-02 
       4.209992427309e-01       7.763506857223e-02 
       4.241002588622e-01       7.648902067771e-02 
       4.272012752487e-01       7.537588209254e-02 
       4.303022918849e-01       7.428971355611e-02 
       4.334033087655e-01       7.322478991791e-02 
       4.365043258852e-01       7.217586457860e-02 
       4.396053432390e-01       7.113943348901e-02 
       4.427063608219e-01       7.011345069571e-02 
       4.458073786292e-01       6.909751814881e-02 
       4.489083966561e-01       6.809202770505e-02 
       4.520094148981e-01       6.709785079431e-02 
       4.551104333508e-01       6.611613601717e-02 
       4.582114520099e-01       6.514827765825e-02 
       4.613124708713e-01       6.419605656623e-02 
       4.644134899308e-01       6.326175035900e-02 
       4.675145091846e-01       6.234785230408e-02 
       4.706155286287e-01       6.145663129389e-02 
       4.737165482595e-01       6.058934587439e-02 
       4.768175680732e-01       5.974638089811e-02 
       4.799185880663e-01       5.892669974676e-02 
       4.830196082354e-01       5.812858314687e-02 
       4.861206285770e-01       5.735002271739e-02 
       4.892216490879e-01       5.658903450166e-02 
       4.923226697648e-01       5.584389887715e-02 
       4.954236906047e-01       5.511319037685e-02 
       4.985247116044e-01       5.439548538497e-02 
       5.016257327611e-01       5.368928600850e-02 
       5.047267540718e-01       5.299313601854e-02 
       5.078277755336e-01       5.230582945240e-02 
       5.109287971439e-01       5.162691646875e-02 
       5.140298188999e-01       5.095643072993e-02 
       5.171308407990e-01       5.029515477855e-02 
       5.202318628386e-01       4.964405890747e-02 
       5.233328850162e-01       4.900390852400e-02 
       5.264339073294e-01       4.837545162000e-02 
       5.295349297758e-01       4.775867210222e-02 
       5.326359523530e-01       4.715356588154e-02 
       5.357369750589e-01       4.655987454871e-02 
       5.388379978910e-01       4.597781602211e-02 
       5.419390208474e-01       4.540738951493e-02 
       5.450400439257e-01       4.484875536014e-02 
       5.481410671241e-01       4.430162413487e-02 
       5.512420904404e-01       4.376546259937e-02 
       5.543431138726e-01       4.323934493321e-02 
       5.574441374189e-01       4.272232001021e-02 
       5.605451610773e-01       4.221363550537e-02 
       5.636461848459e-01       4.171288077030e-02 
       5.667472087230e-01       4.121962834583e-02 
       5.698482327068e-01       4.073412889948e-02 
       5.729492567955e-01       4.025612866262e-02 
       5.760502809874e-01       3.978522238568e-02 
       5.791513052809e-01       3.932129308046e-02 
       5.822523296744e-01       3.886380231980e-02 
       5.853533541662e-01       3.841267106178e-02 
       5.884543787547e-01       3.796816505654e-02 
       5.915554034386e-01       3.753058152358e-02 
       5.946564282162e-01       3.710022484169e-02 
       5.977574530862e-01       3.667733816175e-02 
       6.008584780470e-01       3.626170485984e-02 
       6.039595030973e-01       3.585329293237e-02 
       6.070605282357e-01       3.545154653396e-02 
       6.101615534608e-01       3.505633422555e-02 
       6.132625787714e-01       3.466756385409e-02 
       6.163636041661e-01       3.428488697116e-02 
       6.194646296437e-01       3.390897887454e-02 
       6.225656552030e-01       3.353889583877e-02 
       6.256666808426e-01       3.317480234190e-02 
       6.287677065615e-01       3.281605386068e-02 
       6.318687323584e-01       3.246238055903e-02 
       6.349697582322e-01       3.211348476842e-02 
       6.380707841818e-01       3.176921114881e-02 
       6.411718102061e-01       3.143000640390e-02 
       6.442728363040e-01       3.109600286220e-02 
       6.473738624744e-01       3.076694399457e-02 
       6.504748887164e-01       3.044258869735e-02 
       6.535759150288e-01       3.012257845968e-02 
       6.566769414107e-01       2.980752717464e-02 
       6.597779678610e-01       2.949668458201e-02 
       6.628789943790e-01       2.918976770999e-02 
       6.659800209635e-01       2.888850125698e-02 
       6.690810476136e-01       2.859114574542e-02 
       6.721820743285e-01       2.829790391429e-02 
       6.752831011073e-01       2.800965260215e-02 
       6.783841279491e-01       2.772594783307e-02 
       6.814851548529e-01       2.744577969463e-02 
       6.845861818180e-01       2.716992129508e-02 
       6.876872088436e-01       2.689703276589e-02 
       6.907882359288e-01       2.662843673720e-02 
       6.938892630728e-01       2.636410318224e-02 
       6.969902902749e-01       2.610312393542e-02 
       7.000913175342e-01       2.584589642047e-02 
       7.031923448500e-01       2.559171467023e-02 
       7.062933722216e-01       2.534105640690e-02 
       7.093943996482e-01       2.509369716673e-02 
       7.124954271291e-01       2.485017082367e-02 
       7.155964546635e-01       2.460846086449e-02 
       7.186974822509e-01       2.437090525536e-02 
       7.217985098906e-01       2.413674806360e-02 
       7.248995375817e-01       2.390582636126e-02 
       7.280005653238e-01       2.367791765828e-02 
       7.464455758151e-01       2.238227281488e-02 
       7.651667369126e-01       2.116699985603e-02 
       7.841776806813e-01       2.002504580202e-02 
       8.034934156659e-01       1.895067723308e-02 
       8.231301147915e-01       1.793909336171e-02 
       8.431049008713e-01       1.698569000140e-02 
       8.634356368620e-01       1.608624395898e-02 
       8.841407268964e-01       1.523728394562e-02 
       9.052389329755e-01       1.443534975172e-02 
       9.267492110784e-01       1.367670382284e-02 
       9.486905693738e-01       1.295912985876e-02 
       9.710819502047e-01       1.227972901325e-02 
       9.939421365888e-01       1.163619676231e-02 
       1.017289683121e+00       1.102623088908e-02 
       1.041142870404e+00       1.044829277278e-02 
       1.065519681468e+00       9.900091504971e-03 
       1.090437798090e+00       9.380447026899e-03 
       1.115914614496e+00       8.887335090579e-03 
       1.141967265644e+00       8.420209303756e-03 
       1.168612667124e+00       7.976203028167e-03 
       1.195867563719e+00       7.555546938747e-03 
       1.223748583763e+00       7.156238072573e-03 
       1.252272296696e+00       6.777526343941e-03 
       1.281455271503e+00       6.418080318342e-03 
       1.311314134122e+00       6.077308227481e-03 
       1.341865622330e+00       5.754127302928e-03 
       1.373126636993e+00       5.447531206078e-03 
       1.405114289018e+00       5.156834010142e-03 
       1.437845941636e+00       4.881253730944e-03 
       1.471339247998e+00       4.619859443728e-03 
       1.505612184263e+00       4.372146724657e-03 
       1.540683078543e+00       4.137157016231e-03 
       1.576570636173e+00       3.914649281142e-03 
       1.613293961846e+00       3.703770672310e-03 
       1.650872579130e+00       3.503890051307e-03 
       1.689326447901e+00       3.314526881696e-03 
       1.728675980162e+00       3.135028385838e-03 
       1.768942054649e+00       2.965113501634e-03 
       1.810146030594e+00       2.804071690634e-03 
       1.852309760920e+00       2.651700270825e-03 
       1.895455605103e+00       2.507136538466e-03 
       1.939606441877e+00       2.370420426912e-03 
       1.984785681927e+00       2.240933145935e-03 
       2.031017280652e+00       2.118387327442e-03 
       2.078325751098e+00       2.002350246841e-03 
       2.126736177086e+00       1.892583720028e-03 
       2.176274226598e+00       1.788600968214e-03 
       2.226966165435e+00       1.690183994761e-03 
       2.278838871174e+00       1.597195337141e-03 
       2.331919847426e+00       1.509099126478e-03 
       2.386237238440e+00       1.425788991830e-03 
       2.441819844019e+00       1.346924217090e-03 
       2.498697134798e+00       1.272367794079e-03 
       2.556899267871e+00       1.201832709155e-03 
       2.616457102781e+00       1.135130532213e-03 
       2.677402217879e+00       1.072046003651e-03 
       2.739766927073e+00       1.012413844248e-03 
       2.803584296956e+00       9.560461720409e-04 
       2.868888164343e+00       9.026882910854e-04 
       2.935713154210e+00       8.523283782376e-04 
       3.004094698049e+00       8.046760066648e-04 
       3.074069052662e+00       7.596494933676e-04 
       3.145673319376e+00       7.170778254318e-04 
       3.218945463722e+00       6.768736155502e-04 
       3.293924335560e+00       6.388471246357e-04 
       3.370649689682e+00       6.028960811130e-04 
       3.449162206885e+00       5.689991078856e-04 
       3.529503515545e+00       5.369093271587e-04 
       3.611716213687e+00       5.066605976319e-04 
       3.695843891573e+00       4.780551056330e-04 
       3.781931154810e+00       4.510035183138e-04 
       3.870023648006e+00       4.255123913217e-04 
       3.960168078965e+00       4.014247558995e-04 
       4.052412243459e+00       3.786504988368e-04 
       4.146805050564e+00       3.571701101717e-04 
       4.243396548597e+00       3.368742921910e-04 
       4.342237951647e+00       3.177164698275e-04 
       4.443381666736e+00       2.996321285855e-04 
       4.546881321600e+00       2.825689431895e-04 
       4.652791793126e+00       2.664576221710e-04 
       4.761169236447e+00       2.512168183446e-04 
       4.872071114719e+00       2.368668864309e-04 
       4.985556229585e+00       2.233381142701e-04 
       5.101684752356e+00       2.105414873441e-04 
       5.220518255912e+00       1.984878277205e-04 
       5.342119747348e+00       1.870948452577e-04 
       5.466553701386e+00       1.763596239175e-04 
       5.593886094555e+00       1.662357632211e-04 
       5.724184440175e+00       1.566728854549e-04 
       5.857517824153e+00       1.476552990397e-04 
       5.993956941616e+00       1.391492990377e-04 
       6.133574134388e+00       1.311228020134e-04 
       6.276443429353e+00       1.235571835377e-04 
       6.422640577704e+00       1.164174514399e-04 
       6.572243095103e+00       1.096896783544e-04 
       6.725330302784e+00       1.033522702571e-04 
       6.881983369612e+00       9.737058509496e-05 
       7.042285355117e+00       9.172406010282e-05 
       7.206321253532e+00       8.640203096898e-05 
       7.374178038864e+00       8.138993618694e-05 
       7.545944711000e+00       7.666587989655e-05 
       7.721712342904e+00       7.220226759434e-05 
       7.901574128902e+00       6.800596598060e-05 
       8.085625434092e+00       6.405185361061e-05 
       8.273963844913e+00       6.031391348926e-05 
       8.466689220884e+00       5.679594179090e-05 
       8.663903747550e+00       5.348925053085e-05 
       8.865711990663e+00       5.036610952897e-05 
       9.072220951624e+00       4.742308212004e-05 
       9.283540124220e+00       4.464746209162e-05 
       9.499781552671e+00       4.203721181988e-05 
       9.721059891047e+00       3.957631101173e-05 
       9.947492464050e+00       3.725436137191e-05 
       1.017919932923e+01       3.507543561961e-05 
       1.041630334063e+01       3.301154843655e-05 
       1.065893021393e+01       3.107150276354e-05 
       1.090720859313e+01       2.925148051983e-05 
       1.116127011869e+01       2.752857564627e-05 
       1.142124949741e+01       2.591126826371e-05 
       1.168728457379e+01       2.438596359314e-05 
       1.195951640315e+01       2.294894274126e-05 
       1.223808932641e+01       2.159487163043e-05 
       1.252315104662e+01       2.032206533649e-05 
       1.281485270728e+01       1.912186536320e-05 
       1.311334897247e+01       1.799231289613e-05 
       1.341879810886e+01       1.692962720905e-05 
       1.373136206963e+01       1.592868072789e-05 
       1.405120658032e+01       1.498547637234e-05 
       1.437850122673e+01       1.409872426725e-05 
       1.471341954482e+01       1.326350938368e-05 
       1.505613911270e+01       1.247705313859e-05 
       1.540684164483e+01       1.173740121372e-05 
       1.576571308833e+01       1.104011806118e-05 
       1.613294372160e+01       1.038470075932e-05 
       1.650872825517e+01       9.767174304729e-06 
       1.689326593498e+01       9.186904835273e-06 
       1.728676064800e+01       8.640227716189e-06 
       1.768942103034e+01       8.125783124676e-06 
       1.810146057785e+01       7.642091770445e-06 
       1.852309775936e+01       7.186803964116e-06 
       1.895455613248e+01       6.757943840027e-06 
       1.939606446216e+01       6.354718212277e-06 
       1.984785684196e+01       5.975263217017e-06 
       2.031017281816e+01       5.618685393941e-06 
       2.078325751684e+01       5.282926062652e-06 
       2.126736177375e+01       4.967187724060e-06 
       2.176274226738e+01       4.670140662298e-06 
       2.226966165502e+01       4.390211641056e-06 
       2.278838871204e+01       4.127458363623e-06 
       2.331919847440e+01       3.880168494941e-06 
       2.386237238446e+01       3.647432951184e-06 
       2.441819844021e+01       3.428613199900e-06 
       2.498697134799e+01       3.222972631724e-06 
       2.556899267872e+01       3.029586700047e-06 
       2.616457102781e+01       2.847364835083e-06 
       2.677402217879e+01       2.676316664810e-06 
       2.739766927073e+01       2.515351383769e-06 
       2.803584296956e+01       2.364117359864e-06 
       2.868888164343e+01       2.221589511108e-06 
       2.935713154210e+01       2.088051516311e-06 
       3.004094698049e+01       1.962117170524e-06 
       3.074069052662e+01       1.843751653349e-06 
       3.145673319376e+01       1.732655010191e-06 
       3.218945463722e+01       1.627985340645e-06 
       3.293924335560e+01       1.529965136452e-06 
       3.370649689682e+01       1.437349029010e-06 
       3.449162206885e+01       1.350490965339e-06 
       3.529503515545e+01       1.268939892970e-06 
       3.611716213687e+01       1.192211952062e-06 
       3.695843891573e+01       1.120004249908e-06 
       3.781931154810e+01       1.052257632953e-06 
       3.870023648006e+01       9.885778544852e-07 
       3.960168078965e+01       9.285952043703e-07 
       4.052412243459e+01       8.723313835643e-07 
       4.146805050564e+01       8.194545477265e-07 
       4.243396548597e+01       7.697347667651e-07 
       4.342237951647e+01       7.230465827933e-07 
       4.443381666736e+01       6.790782998675e-07 
       4.546881321600e+01       6.378346083979e-07 
       4.652791793126e+01       5.991111108861e-07 
       4.761169236447e+01       5.627053369724e-07 
       4.872071114719e+01       5.284381468421e-07 
       4.985556229585e+01       4.962129156082e-07 
       5.101684752356e+01       4.660519611354e-07 
       5.220518255912e+01       4.376293815481e-07 
       5.342119747348e+01       4.109471565103e-07 
       5.466553701386e+01       3.858906101068e-07 
       5.593886094555e+01       3.623533433766e-07 
       5.724184440175e+01       3.402171064966e-07 
       5.857517824153e+01       3.194632710156e-07 
       5.993956941616e+01       2.999722576651e-07 
       6.133574134388e+01       2.816337196160e-07 
       6.276443429353e+01       2.644071242246e-07 
       6.422640577704e+01       2.482384791594e-07 
       6.572243095102e+01       2.330571753310e-07 
       6.725330302784e+01       2.187716528595e-07 
       6.881983369612e+01       2.053732218490e-07 
       7.042285355117e+01       1.928280907522e-07 
       7.206321253532e+01       1.809567180978e-07 
       7.374178038864e+01       1.698730776764e-07 
       7.545944711000e+01       1.594353209176e-07 
       7.721712342904e+01       1.496744208720e-07 
       7.901574128902e+01       1.404899138067e-07 
       8.085625434092e+01       1.318264235667e-07 
       8.273963844913e+01       1.237274815839e-07 
       8.466689220884e+01       1.161330781064e-07 
       8.663903747550e+01       1.089904530085e-07 
       8.865711990663e+01       1.022733698947e-07 
       9.072220951624e+01       9.597584443870e-08 
       9.283540124220e+01       9.006676291568e-08 
       9.499781552671e+01       8.451436670443e-08 
       9.721059891047e+01       7.928663026366e-08 
       9.947492464050e+01       7.440360507857e-08 
       1.017919932923e+02       6.980623195484e-08 
       1.041630334063e+02       6.549579981859e-08 
       1.065893021393e+02       6.145387603445e-08 
       1.090720859313e+02       5.765077032106e-08 
       1.116127011869e+02       5.409566059274e-08 
       1.142124949741e+02       5.074445145606e-08 
       1.168728457379e+02       4.759774043480e-08 
       1.195951640315e+02       4.463750088676e-08 
       1.223808932641e+02       4.188461644691e-08 
       1.252315104662e+02       3.929238928002e-08 
       1.281485270728e+02       3.684694040756e-08 
       1.311334897247e+02       3.454772847766e-08 
       1.341879810886e+02       3.240968733201e-08 
       1.373136206963e+02       3.039018712885e-08 
       1.405120658032e+02       2.850120585027e-08 
       1.437850122673e+02       2.672266969424e-08 
       1.471341954482e+02       2.506783648848e-08 
       1.505613911270e+02       2.350029520176e-08 
       1.540684164483e+02       2.203583566155e-08 
       1.576571308833e+02       2.065997323532e-08 
       1.613294372160e+02       1.935980717084e-08 
       1.650872825517e+02       1.815749387429e-08 
       1.689326593498e+02       1.701840303365e-08 
       1.728676064800e+02       1.595211221204e-08 
       1.768942103034e+02       1.495104218536e-08 
       1.810146057785e+02       1.401114679349e-08 
       1.852309775936e+02       1.313578408001e-08 
       1.895455613248e+02       1.230608383268e-08 
       1.939606446216e+02       1.153459217679e-08 
       1.984785684195e+02       1.080894080107e-08 
       2.031017281816e+02       1.012478698591e-08 
