# Matter power spectrum P(k) at redshift z=99
# for k=1.00899e-05 to 203.102 h/Mpc,
# number of wavenumbers equal to 845
#    1:k (h/Mpc)              2:P (Mpc/h)^3        
       1.008985923246e-05       4.868198852067e-03 
       2.251775554681e-05       3.993260483364e-02 
       3.498636120247e-05       4.131497474504e-02 
       4.752690064658e-05       4.678325985514e-02 
       6.017107953230e-05       5.236023173785e-02 
       7.295134796122e-05       6.148044016660e-02 
       8.590117158737e-05       6.929617052738e-02 
       9.905531395762e-05       7.683707861614e-02 
       1.124501334903e-04       8.670027390854e-02 
       1.261238985241e-04       9.661878343947e-02 
       1.401171238832e-04       1.067412622258e-01 
       1.544729323814e-04       1.179910175808e-01 
       1.692374445844e-04       1.285068149352e-01 
       1.844601999316e-04       1.399753999155e-01 
       2.001946119095e-04       1.512310447676e-01 
       2.164984592990e-04       1.635550339525e-01 
       2.334344144703e-04       1.759458176563e-01 
       2.510706081373e-04       1.879864451857e-01 
       2.694812277303e-04       2.012322719276e-01 
       2.887471433953e-04       2.151226017953e-01 
       3.089565513139e-04       2.294851170137e-01 
       3.302056182976e-04       2.445082682004e-01 
       3.525991041420e-04       2.604187801854e-01 
       3.762509287930e-04       2.771428319647e-01 
       4.012846398372e-04       2.948546805331e-01 
       4.278337222871e-04       3.135459032934e-01 
       4.560416775835e-04       3.332976248873e-01 
       4.860617833145e-04       3.543227264664e-01 
       5.180564313506e-04       3.765791476806e-01 
       5.521959330390e-04       4.004356460919e-01 
       5.886566801031e-04       4.256876619788e-01 
       6.276185643138e-04       4.525972719453e-01 
       6.692615934693e-04       4.813039133998e-01 
       7.137617003222e-04       5.118020349406e-01 
       7.612858261435e-04       5.442785948673e-01 
       8.119864671933e-04       5.788160894697e-01 
       8.659959882004e-04       6.154287977384e-01 
       9.234211115549e-04       6.541718279256e-01 
       9.843380583383e-04       6.951351301780e-01 
       1.048788822492e-03       7.382623944172e-01 
       1.116778986862e-03       7.835183073667e-01 
       1.188277341593e-03       8.309064307399e-01 
       1.263217364035e-03       8.803010933628e-01 
       1.341500403710e-03       9.316109954558e-01 
       1.423000229794e-03       9.846853422520e-01 
       1.507568477172e-03       1.039493520937e+00 
       1.595040487038e-03       1.095779384179e+00 
       1.685241074673e-03       1.153420219774e+00 
       1.777989849548e-03       1.212279498424e+00 
       1.873105833077e-03       1.272195833414e+00 
       1.970411240942e-03       1.333009335216e+00 
       2.069734400901e-03       1.394567654926e+00 
       2.170911853969e-03       1.456748100800e+00 
       2.273789735124e-03       1.519419313630e+00 
       2.378224553043e-03       1.582437014346e+00 
       2.484083492891e-03       1.645711404289e+00 
       2.591244358339e-03       1.709116146038e+00 
       2.699595254278e-03       1.772560420952e+00 
       2.809034094327e-03       1.835951957220e+00 
       2.919467999818e-03       1.899209901843e+00 
       3.030812641171e-03       1.962261556614e+00 
       3.142991559080e-03       2.025024706685e+00 
       3.255935491967e-03       2.087443424580e+00 
       3.369581727509e-03       2.149461574938e+00 
       3.483873489548e-03       2.211022350079e+00 
       3.598759366763e-03       2.272076054816e+00 
       3.714192786088e-03       2.332582442326e+00 
       3.830131531369e-03       2.392502290805e+00 
       3.946537306183e-03       2.451793980378e+00 
       4.063375338686e-03       2.510432894365e+00 
       4.180614025754e-03       2.568383153710e+00 
       4.298224613405e-03       2.625624038823e+00 
       4.416180910359e-03       2.682130327027e+00 
       4.534459031676e-03       2.737879755888e+00 
       4.653037169509e-03       2.792857072474e+00 
       4.771895388214e-03       2.847045639585e+00 
       4.891015441268e-03       2.900431747654e+00 
       5.010380607654e-03       2.953003073095e+00 
       5.129975545600e-03       3.004749535705e+00 
       5.249786161774e-03       3.055664574030e+00 
       5.369799494223e-03       3.105740564336e+00 
       5.490003607537e-03       3.154972875058e+00 
       5.610387498875e-03       3.203355904901e+00 
       5.730941013670e-03       3.250890766020e+00 
       5.851654769906e-03       3.297575885667e+00 
       5.972520090068e-03       3.343408983812e+00 
       6.093528939880e-03       3.388392552832e+00 
       6.214673873133e-03       3.432528293815e+00 
       6.335947981903e-03       3.475821167292e+00 
       6.457344851613e-03       3.518271964846e+00 
       6.578858520406e-03       3.559885190330e+00 
       6.700483442374e-03       3.600665466795e+00 
       6.822214454238e-03       3.640621398623e+00 
       6.944046745134e-03       3.679755043338e+00 
       7.065975829162e-03       3.718078028508e+00 
       7.187997520434e-03       3.755598082393e+00 
       7.310107910369e-03       3.792318729184e+00 
       7.432303346994e-03       3.828244746138e+00 
       7.554580416073e-03       3.863390874771e+00 
       7.676935923868e-03       3.897767207434e+00 
       7.799366881390e-03       3.931375599424e+00 
       7.921870489981e-03       3.964222673646e+00 
       8.044444128110e-03       3.996330227131e+00 
       8.167085339271e-03       4.027695819572e+00 
       8.289791820870e-03       4.058333681641e+00 
       8.412561414027e-03       4.088255881710e+00 
       8.535392094189e-03       4.117461233225e+00 
       8.658281962499e-03       4.145967911031e+00 
       8.781229237845e-03       4.173781673225e+00 
       8.904232249532e-03       4.200913797000e+00 
       9.027289430517e-03       4.227371447654e+00 
       9.150399311170e-03       4.253162058167e+00 
       9.273560513504e-03       4.278302443048e+00 
       9.396771745844e-03       4.302791610445e+00 
       9.520031797891e-03       4.326643566056e+00 
       9.643339536152e-03       4.349864714005e+00 
       9.766693899711e-03       4.372460995791e+00 
       9.890093896300e-03       4.394446133589e+00 
       1.001353859866e-02       4.415828376444e+00 
       1.013702714118e-02       4.436617036593e+00 
       1.026055871672e-02       4.456810099283e+00 
       1.038413257374e-02       4.476423433810e+00 
       1.050774801356e-02       4.495465647598e+00 
       1.063140438788e-02       4.513936806045e+00 
       1.075510109639e-02       4.531853519627e+00 
       1.087883758462e-02       4.549219264928e+00 
       1.100261334193e-02       4.566037642475e+00 
       1.112642789957e-02       4.582321359379e+00 
       1.125028082899e-02       4.598070702099e+00 
       1.137417174014e-02       4.613302587078e+00 
       1.149810028000e-02       4.628008051239e+00 
       1.162206613114e-02       4.642209240658e+00 
       1.174606901039e-02       4.655899715118e+00 
       1.187010866765e-02       4.669096015179e+00 
       1.199418488471e-02       4.681801306881e+00 
       1.211829747421e-02       4.694017144323e+00 
       1.224244627863e-02       4.705753461016e+00 
       1.236663116941e-02       4.717017048695e+00 
       1.249085204607e-02       4.727811920456e+00 
       1.261510883545e-02       4.738139952494e+00 
       1.273940149094e-02       4.748017570807e+00 
       1.286372999182e-02       4.757441323615e+00 
       1.298809434267e-02       4.766417050577e+00 
       1.311249457272e-02       4.774952796516e+00 
       1.323693073542e-02       4.783054066517e+00 
       1.336140290784e-02       4.790722810928e+00 
       1.348591119034e-02       4.797973466080e+00 
       1.361045570605e-02       4.804801316627e+00 
       1.373503660061e-02       4.811213197922e+00 
       1.385965404174e-02       4.817218598892e+00 
       1.398430821901e-02       4.822820016086e+00 
       1.410899934352e-02       4.828020604544e+00 
       1.423372764771e-02       4.832832109821e+00 
       1.435849338511e-02       4.837253602601e+00 
       1.448329683018e-02       4.841292906774e+00 
       1.460813827812e-02       4.844953410164e+00 
       1.473301804481e-02       4.848239792065e+00 
       1.485793646664e-02       4.851156916493e+00 
       1.498289390044e-02       4.853712951617e+00 
       1.510789072347e-02       4.855909774454e+00 
       1.523292733332e-02       4.857753880829e+00 
       1.535800414793e-02       4.859247427027e+00 
       1.548312160558e-02       4.860394740700e+00 
       1.560828016494e-02       4.861207124973e+00 
       1.573348030509e-02       4.861677543266e+00 
       1.585872252561e-02       4.861831350902e+00 
       1.598400734663e-02       4.861650392830e+00 
       1.610933530897e-02       4.861150866243e+00 
       1.623470697422e-02       4.860333410384e+00 
       1.636012292492e-02       4.859213102117e+00 
       1.648558376469e-02       4.857775607241e+00 
       1.661109011841e-02       4.856037637874e+00 
       1.673664263240e-02       4.854004589513e+00 
       1.686224197463e-02       4.851675912677e+00 
       1.698788883495e-02       4.849054801174e+00 
       1.711358392534e-02       4.846158184237e+00 
       1.723932798012e-02       4.842966368821e+00 
       1.736512175629e-02       4.839521403827e+00 
       1.749096603375e-02       4.835787090718e+00 
       1.761686161566e-02       4.831793160881e+00 
       1.774280932873e-02       4.827525144383e+00 
       1.786881002356e-02       4.823006384734e+00 
       1.799486457501e-02       4.818232432160e+00 
       1.812097388257e-02       4.813204765495e+00 
       1.824713887072e-02       4.807933376015e+00 
       1.837336048938e-02       4.802414261482e+00 
       1.849963971429e-02       4.796656939727e+00 
       1.862597754748e-02       4.790663233664e+00 
       1.875237501771e-02       4.784441720204e+00 
       1.887883318094e-02       4.777979618840e+00 
       1.900535312085e-02       4.771316597308e+00 
       1.913193594933e-02       4.764426138507e+00 
       1.925858280700e-02       4.757310232844e+00 
       1.938529486380e-02       4.749986136673e+00 
       1.951207331950e-02       4.742448322345e+00 
       1.963891940434e-02       4.734710772335e+00 
       1.976583437961e-02       4.726768672760e+00 
       1.989281953829e-02       4.718632452728e+00 
       2.001987620571e-02       4.710299054625e+00 
       2.014700574018e-02       4.701778949094e+00 
       2.027420953374e-02       4.693055102994e+00 
       2.040148901283e-02       4.684170909684e+00 
       2.052884563906e-02       4.675092252901e+00 
       2.065628090997e-02       4.665836480530e+00 
       2.078379635978e-02       4.656404859707e+00 
       2.091139356027e-02       4.646808507182e+00 
       2.103907412157e-02       4.637037392185e+00 
       2.116683969302e-02       4.627109759374e+00 
       2.129469196411e-02       4.617020149541e+00 
       2.142263266535e-02       4.606771853396e+00 
       2.155066356926e-02       4.596369377490e+00 
       2.167878649131e-02       4.585809051348e+00 
       2.180700329099e-02       4.575098661696e+00 
       2.193531587278e-02       4.564249386550e+00 
       2.206372618728e-02       4.553261355679e+00 
       2.219223623229e-02       4.542123910354e+00 
       2.232084805397e-02       4.530864895181e+00 
       2.244956374803e-02       4.519457689491e+00 
       2.257838546090e-02       4.507926438434e+00 
       2.270731539105e-02       4.496268096555e+00 
       2.283635579024e-02       4.484481239799e+00 
       2.296550896486e-02       4.472575878541e+00 
       2.309477727734e-02       4.460555640841e+00 
       2.322416314755e-02       4.448416077841e+00 
       2.335366905427e-02       4.436159962343e+00 
       2.348329753672e-02       4.423797257655e+00 
       2.361305119611e-02       4.411327697946e+00 
       2.374293269725e-02       4.398750820354e+00 
       2.387294477028e-02       4.386072360010e+00 
       2.400309021230e-02       4.373293979489e+00 
       2.413337188923e-02       4.360414800025e+00 
       2.426379273761e-02       4.347447413953e+00 
       2.439435576651e-02       4.334384794713e+00 
       2.452506405949e-02       4.321232230880e+00 
       2.465592077667e-02       4.307992928993e+00 
       2.478692915676e-02       4.294669560987e+00 
       2.491809251927e-02       4.281261888019e+00 
       2.504941426679e-02       4.267775652032e+00 
       2.518089788722e-02       4.254213535014e+00 
       2.531254695627e-02       4.240581109810e+00 
       2.544436513988e-02       4.226863724527e+00 
       2.557635619681e-02       4.213082817092e+00 
       2.570852398133e-02       4.199230646013e+00 
       2.584087244594e-02       4.185313118723e+00 
       2.597340564424e-02       4.171334865058e+00 
       2.610612773389e-02       4.157294406978e+00 
       2.623904297966e-02       4.143189832721e+00 
       2.637215575665e-02       4.129031244486e+00 
       2.650547055353e-02       4.114816167250e+00 
       2.663899197597e-02       4.100548263530e+00 
       2.677272475021e-02       4.086228776514e+00 
       2.690667372668e-02       4.071859147029e+00 
       2.704084388387e-02       4.057442842661e+00 
       2.717524033223e-02       4.042980118125e+00 
       2.730986831833e-02       4.028473008549e+00 
       2.744473322907e-02       4.013924658859e+00 
       2.757984059617e-02       3.999337122132e+00 
       2.771519610072e-02       3.984709320781e+00 
       2.785080557800e-02       3.970045652713e+00 
       2.798667502244e-02       3.955347392833e+00 
       2.812281059279e-02       3.940615888699e+00 
       2.825921861753e-02       3.925852495229e+00 
       2.839590560043e-02       3.911059181677e+00 
       2.853287822642e-02       3.896237475869e+00 
       2.867014336763e-02       3.881388983515e+00 
       2.880770808975e-02       3.866515533062e+00 
       2.894557965859e-02       3.851618262737e+00 
       2.908376554696e-02       3.836698246725e+00 
       2.922227344183e-02       3.821759109056e+00 
       2.936111125182e-02       3.806799945763e+00 
       2.950028711498e-02       3.791821540385e+00 
       2.963980940692e-02       3.776826936531e+00 
       2.977968674934e-02       3.761817233623e+00 
       2.991992801888e-02       3.746793749680e+00 
       3.006054235642e-02       3.731758764723e+00 
       3.020153917674e-02       3.716709296159e+00 
       3.034292817872e-02       3.701652219656e+00 
       3.048471935591e-02       3.686584804230e+00 
       3.062692300766e-02       3.671511701762e+00 
       3.076954975073e-02       3.656428636685e+00 
       3.091261053153e-02       3.641341097857e+00 
       3.105611663883e-02       3.626249384986e+00 
       3.120007971717e-02       3.611153532614e+00 
       3.134451178094e-02       3.596056380908e+00 
       3.148942522908e-02       3.580956399616e+00 
       3.163483286058e-02       3.565855019750e+00 
       3.178074789075e-02       3.550754826372e+00 
       3.192718396829e-02       3.535655139149e+00 
       3.207415519325e-02       3.520558889068e+00 
       3.222167613596e-02       3.505463864636e+00 
       3.236976185693e-02       3.490371891366e+00 
       3.251842792776e-02       3.475285550543e+00 
       3.266769045326e-02       3.460203134452e+00 
       3.281756609471e-02       3.445127821580e+00 
       3.296807209441e-02       3.430057806717e+00 
       3.311922630162e-02       3.414995732342e+00 
       3.327104719986e-02       3.399938848581e+00 
       3.342355393590e-02       3.384892251465e+00 
       3.357676635028e-02       3.369853658038e+00 
       3.373070500968e-02       3.354821940557e+00 
       3.388539124115e-02       3.339801864640e+00 
       3.404084716838e-02       3.324790192304e+00 
       3.419709575014e-02       3.309790889461e+00 
       3.435416082110e-02       3.294801055618e+00 
       3.451206713503e-02       3.279823320758e+00 
       3.467084041087e-02       3.264855872689e+00 
       3.483050738153e-02       3.249899076919e+00 
       3.499109584590e-02       3.234953899018e+00 
       3.515263472420e-02       3.220022973262e+00 
       3.531515411689e-02       3.205102206409e+00 
       3.547868536756e-02       3.190192885484e+00 
       3.564326112997e-02       3.175296556142e+00 
       3.580891543966e-02       3.160412020938e+00 
       3.597568379052e-02       3.145541243496e+00 
       3.614360321665e-02       3.130680454012e+00 
       3.631271238005e-02       3.115830699369e+00 
       3.648305166451e-02       3.100994519984e+00 
       3.665466327647e-02       3.086170518140e+00 
       3.682759135313e-02       3.071356216282e+00 
       3.700188207881e-02       3.056551408290e+00 
       3.717758380999e-02       3.041757389556e+00 
       3.735474721006e-02       3.026974525351e+00 
       3.753342539455e-02       3.012203705085e+00 
       3.771367408789e-02       2.997437535607e+00 
       3.789555179276e-02       2.982681701668e+00 
       3.807911997330e-02       2.967933165488e+00 
       3.826444325354e-02       2.953193581070e+00 
       3.845158963247e-02       2.938457850396e+00 
       3.864063071773e-02       2.923730576508e+00 
       3.883164197941e-02       2.909007273751e+00 
       3.902470302655e-02       2.894286125564e+00 
       3.921989790844e-02       2.879569581371e+00 
       3.941731544346e-02       2.864852947005e+00 
       3.961704957874e-02       2.850136950506e+00 
       3.981919978381e-02       2.835420673033e+00 
       4.002387148228e-02       2.820702806830e+00 
       4.023117652610e-02       2.805980439647e+00 
       4.044123371716e-02       2.791253402303e+00 
       4.065416938230e-02       2.776517969291e+00 
       4.087011800810e-02       2.761775970904e+00 
       4.108922294299e-02       2.747023640476e+00 
       4.131163717545e-02       2.732257131042e+00 
       4.153752419801e-02       2.717475368024e+00 
       4.176705896879e-02       2.702678701891e+00 
       4.200042898355e-02       2.687859982737e+00 
       4.223783547389e-02       2.673018514737e+00 
       4.247949474925e-02       2.658155992871e+00 
       4.272563970381e-02       2.643262455950e+00 
       4.297652151252e-02       2.628335919404e+00 
       4.323241154501e-02       2.613375697546e+00 
       4.349360353122e-02       2.598378409209e+00 
       4.376041601845e-02       2.583336289251e+00 
       4.403319516735e-02       2.568247108445e+00 
       4.431231794305e-02       2.553106226594e+00 
       4.459819576870e-02       2.537910351413e+00 
       4.489127872208e-02       2.522649487349e+00 
       4.519206037240e-02       2.507321129688e+00 
       4.550108337449e-02       2.491913334781e+00 
       4.581894596305e-02       2.476428020433e+00 
       4.614630952020e-02       2.460850138160e+00 
       4.648390742907e-02       2.445168665854e+00 
       4.683255547441e-02       2.429380668279e+00 
       4.719316411280e-02       2.413478301563e+00 
       4.756675301229e-02       2.397444177000e+00 
       4.795446835950e-02       2.381271491186e+00 
       4.835760355679e-02       2.364952521582e+00 
       4.877762409092e-02       2.348433520471e+00 
       4.921619755703e-02       2.331701626160e+00 
       4.967523007970e-02       2.314753457351e+00 
       5.015691069999e-02       2.297546798814e+00 
       5.066376571099e-02       2.280063925094e+00 
       5.119872543759e-02       2.262254491543e+00 
       5.176520658204e-02       2.244079666001e+00 
       5.236721398511e-02       2.225482871889e+00 
       5.300946643626e-02       2.206389480232e+00 
       5.369755186298e-02       2.186716022928e+00 
       5.443811750858e-02       2.166351712273e+00 
       5.523909986108e-02       2.145151344133e+00 
       5.610999569786e-02       2.122930733805e+00 
       5.706216693470e-02       2.099441340600e+00 
       5.810915311482e-02       2.074351144705e+00 
       5.926692833934e-02       2.047213292779e+00 
       6.055397336706e-02       2.017427481508e+00 
       6.199093018729e-02       1.984179640295e+00 
       6.359947940448e-02       1.946427161993e+00 
       6.540001142378e-02       1.902867658055e+00 
       6.740785583239e-02       1.852045349616e+00 
       6.962856953198e-02       1.792605857461e+00 
       7.205402575154e-02       1.723703708736e+00 
       7.466181557294e-02       1.645517593993e+00 
       7.741925944084e-02       1.559560877887e+00 
       8.029037150168e-02       1.468601316709e+00 
       8.324228134396e-02       1.376195472572e+00 
       8.624873566558e-02       1.286058216512e+00 
       8.929066761749e-02       1.201487730415e+00 
       9.235510010565e-02       1.124988834639e+00 
       9.543357073890e-02       1.058106937537e+00 
       9.852071037994e-02       1.001428229185e+00 
       1.016131705477e-01       9.546862996196e-01 
       1.047088850041e-01       9.169273246100e-01 
       1.078065869454e-01       8.866896972448e-01 
       1.109055026726e-01       8.621872925948e-01 
       1.140051606747e-01       8.414877289132e-01 
       1.171052739085e-01       8.226809626526e-01 
       1.202056676777e-01       8.040453816561e-01 
       1.233062356186e-01       7.841906450762e-01 
       1.264069129017e-01       7.621655348887e-01 
       1.295076599371e-01       7.375167117518e-01 
       1.326084524750e-01       7.102778208950e-01 
       1.357092755935e-01       6.809204776373e-01 
       1.388101200478e-01       6.502209710422e-01 
       1.419109800535e-01       6.191365383019e-01 
       1.450118519396e-01       5.886676792260e-01 
       1.481127333302e-01       5.597325720620e-01 
       1.512136226471e-01       5.330782131043e-01 
       1.543145188064e-01       5.092262127275e-01 
       1.574154210335e-01       4.884443623016e-01 
       1.605163287508e-01       4.707540525153e-01 
       1.636172415074e-01       4.559614508605e-01 
       1.667181589372e-01       4.436927206818e-01 
       1.698190807317e-01       4.334484246248e-01 
       1.729200066233e-01       4.246548102180e-01 
       1.760209363751e-01       4.167318265368e-01 
       1.791218697736e-01       4.091914356270e-01 
       1.822228066242e-01       4.014469381052e-01 
       1.853237467480e-01       3.931100547054e-01 
       1.884246899796e-01       3.839364075821e-01 
       1.915256361651e-01       3.738403800153e-01 
       1.946265851615e-01       3.628927861744e-01 
       1.977275368348e-01       3.512903670226e-01 
       2.008284910597e-01       3.393143862485e-01 
       2.039294477188e-01       3.272792503633e-01 
       2.070304067018e-01       3.154988096023e-01 
       2.101313679048e-01       3.042452330873e-01 
       2.132323312304e-01       2.937344551449e-01 
       2.163332965866e-01       2.841193969663e-01 
       2.194342638867e-01       2.754837787120e-01 
       2.225352330487e-01       2.678465728570e-01 
       2.256362039955e-01       2.611555533217e-01 
       2.287371766540e-01       2.553095391248e-01 
       2.318381509550e-01       2.501554727497e-01 
       2.349391268330e-01       2.455096154700e-01 
       2.380401042261e-01       2.411804592282e-01 
       2.411410830753e-01       2.369849627525e-01 
       2.442420633250e-01       2.327694975991e-01 
       2.473430449220e-01       2.284146686340e-01 
       2.504440278160e-01       2.238468349323e-01 
       2.535450119592e-01       2.190345764603e-01 
       2.566459973060e-01       2.139856279691e-01 
       2.597469838130e-01       2.087414928680e-01 
       2.628479714390e-01       2.033750791664e-01 
       2.659489601445e-01       1.979755795521e-01 
       2.690499498921e-01       1.926433670690e-01 
       2.721509406458e-01       1.874765067541e-01 
       2.752519323715e-01       1.825588613054e-01 
       2.783529250366e-01       1.779520077826e-01 
       2.814539186098e-01       1.736897659523e-01 
       2.845549130613e-01       1.697798097223e-01 
       2.876559083625e-01       1.662054618089e-01 
       2.907569044861e-01       1.629326613681e-01 
       2.938579014059e-01       1.599149435403e-01 
       2.969588990968e-01       1.570987300778e-01 
       3.000598975348e-01       1.544274911791e-01 
       3.031608966969e-01       1.518448382194e-01 
       3.062618965610e-01       1.492986320408e-01 
       3.093628971058e-01       1.467450947313e-01 
       3.124638983110e-01       1.441530794502e-01 
       3.155649001570e-01       1.415062110569e-01 
       3.186659026250e-01       1.388035808450e-01 
       3.217669056970e-01       1.360574903709e-01 
       3.248679093555e-01       1.332898657540e-01 
       3.279689135839e-01       1.305280743816e-01 
       3.310699183660e-01       1.277996928644e-01 
       3.341709236865e-01       1.251318169523e-01 
       3.372719295303e-01       1.225483614601e-01 
       3.403729358831e-01       1.200691556354e-01 
       3.434739427310e-01       1.177091123869e-01 
       3.465749500607e-01       1.154755014012e-01 
       3.496759578594e-01       1.133700173127e-01 
       3.527769661145e-01       1.113856078283e-01 
       3.558779748142e-01       1.095082810593e-01 
       3.589789839468e-01       1.077198840240e-01 
       3.620799935012e-01       1.060004133305e-01 
       3.651810034666e-01       1.043301449649e-01 
       3.682820138325e-01       1.026922960197e-01 
       3.713830245890e-01       1.010746468604e-01 
       3.744840357261e-01       9.946742314024e-02 
       3.775850472346e-01       9.786472680957e-02 
       3.806860591053e-01       9.626325634224e-02 
       3.837870713295e-01       9.466304568742e-02 
       3.868880838984e-01       9.306726981271e-02 
       3.899890968040e-01       9.148192941044e-02 
       3.930901100382e-01       8.991517096749e-02 
       3.961911235933e-01       8.837608245920e-02 
       3.992921374617e-01       8.687304622752e-02 
       4.023931516362e-01       8.541255685829e-02 
       4.054941661098e-01       8.399860999183e-02 
       4.085951808755e-01       8.263281030783e-02 
       4.116961959268e-01       8.131511243392e-02 
       4.147972112573e-01       8.004439201303e-02 
       4.178982268607e-01       7.881845338510e-02 
       4.209992427309e-01       7.763439889681e-02 
       4.241002588622e-01       7.648834290801e-02 
       4.272012752487e-01       7.537518916190e-02 
       4.303022918849e-01       7.428902181694e-02 
       4.334033087655e-01       7.322402743670e-02 
       4.365043258852e-01       7.217512136714e-02 
       4.396053432390e-01       7.113875472832e-02 
       4.427063608219e-01       7.011269291676e-02 
       4.458073786292e-01       6.909682984561e-02 
       4.489083966561e-01       6.809132927440e-02 
       4.520094148981e-01       6.709678775027e-02 
       4.551104333508e-01       6.611547791963e-02 
       4.582114520099e-01       6.514746933232e-02 
       4.613124708713e-01       6.419571407633e-02 
       4.644134899308e-01       6.326128463932e-02 
       4.675145091846e-01       6.234703909084e-02 
       4.706155286287e-01       6.145553985444e-02 
       4.737165482595e-01       6.058877778234e-02 
       4.768175680732e-01       5.974564954889e-02 
       4.799185880663e-01       5.892604660511e-02 
       4.830196082354e-01       5.812796316883e-02 
       4.861206285770e-01       5.734937912881e-02 
       4.892216490879e-01       5.658825852762e-02 
       4.923226697648e-01       5.584309077338e-02 
       4.954236906047e-01       5.511256168637e-02 
       4.985247116044e-01       5.439451220952e-02 
       5.016257327611e-01       5.368830859203e-02 
       5.047267540718e-01       5.299223427356e-02 
       5.078277755336e-01       5.230469713956e-02 
       5.109287971439e-01       5.162599176280e-02 
       5.140298188999e-01       5.095567798278e-02 
       5.171308407990e-01       5.029399505827e-02 
       5.202318628386e-01       4.964273094325e-02 
       5.233328850162e-01       4.900298875257e-02 
       5.264339073294e-01       4.837438366406e-02 
       5.295349297758e-01       4.775750127392e-02 
       5.326359523530e-01       4.715247376827e-02 
       5.357369750589e-01       4.655900417853e-02 
       5.388379978910e-01       4.597657987760e-02 
       5.419390208474e-01       4.540645994871e-02 
       5.450400439257e-01       4.484761885994e-02 
       5.481410671241e-01       4.430050587837e-02 
       5.512420904404e-01       4.376438247918e-02 
       5.543431138726e-01       4.323830531545e-02 
       5.574441374189e-01       4.272122131025e-02 
       5.605451610773e-01       4.221253048485e-02 
       5.636461848459e-01       4.171172875723e-02 
       5.667472087230e-01       4.121835217876e-02 
       5.698482327068e-01       4.073300705665e-02 
       5.729492567955e-01       4.025506282330e-02 
       5.760502809874e-01       3.978417108747e-02 
       5.791513052809e-01       3.932012657785e-02 
       5.822523296744e-01       3.886260907700e-02 
       5.853533541662e-01       3.841180814256e-02 
       5.884543787547e-01       3.796695891522e-02 
       5.915554034386e-01       3.752924142596e-02 
       5.946564282162e-01       3.709897714251e-02 
       5.977574530862e-01       3.667601355803e-02 
       6.008584780470e-01       3.626049561335e-02 
       6.039595030973e-01       3.585206511662e-02 
       6.070605282357e-01       3.545021701762e-02 
       6.101615534608e-01       3.505506359846e-02 
       6.132625787714e-01       3.466625452329e-02 
       6.163636041661e-01       3.428363077820e-02 
       6.194646296437e-01       3.390740405160e-02 
       6.225656552030e-01       3.353766849201e-02 
       6.256666808426e-01       3.317334857609e-02 
       6.287677065615e-01       3.281482034490e-02 
       6.318687323584e-01       3.246119389087e-02 
       6.349697582322e-01       3.211234978646e-02 
       6.380707841818e-01       3.176815430280e-02 
       6.411718102061e-01       3.142877409233e-02 
       6.442728363040e-01       3.109472569186e-02 
       6.473738624744e-01       3.076546411468e-02 
       6.504748887164e-01       3.044128292092e-02 
       6.535759150288e-01       3.012155118705e-02 
       6.566769414107e-01       2.980603464308e-02 
       6.597779678610e-01       2.949509139158e-02 
       6.628789943790e-01       2.918861419075e-02 
       6.659800209635e-01       2.888689196503e-02 
       6.690810476136e-01       2.858938998506e-02 
       6.721820743285e-01       2.829685680025e-02 
       6.752831011073e-01       2.800829967041e-02 
       6.783841279491e-01       2.772484489392e-02 
       6.814851548529e-01       2.744485693831e-02 
       6.845861818180e-01       2.716855866267e-02 
       6.876872088436e-01       2.689608020145e-02 
       6.907882359288e-01       2.662711053684e-02 
       6.938892630728e-01       2.636282802017e-02 
       6.969902902749e-01       2.610166437419e-02 
       7.000913175342e-01       2.584416997652e-02 
       7.031923448500e-01       2.559031667700e-02 
       7.062933722216e-01       2.533973925321e-02 
       7.093943996482e-01       2.509232936174e-02 
       7.124954271291e-01       2.484820702003e-02 
       7.155964546636e-01       2.460712135965e-02 
       7.186974822509e-01       2.436946580172e-02 
       7.217985098906e-01       2.413529959281e-02 
       7.248995375817e-01       2.390438262030e-02 
       7.280005653238e-01       2.367653806366e-02 
       7.464455758151e-01       2.238076974901e-02 
       7.651667369126e-01       2.116549266650e-02 
       7.841776806813e-01       2.002349427567e-02 
       8.034934156659e-01       1.894907545173e-02 
       8.231301147915e-01       1.793749874020e-02 
       8.431049008713e-01       1.698382102394e-02 
       8.634356368620e-01       1.608463220997e-02 
       8.841407268964e-01       1.523556940617e-02 
       9.052389329755e-01       1.443368446760e-02 
       9.267492110784e-01       1.367501616622e-02 
       9.486905693738e-01       1.295741624353e-02 
       9.710819502047e-01       1.227786432735e-02 
       9.939421365888e-01       1.163411097462e-02 
       1.017289683121e+00       1.102433820238e-02 
       1.041142870404e+00       1.044614959437e-02 
       1.065519681468e+00       9.898056299291e-03 
       1.090437798090e+00       9.378391300071e-03 
       1.115914614496e+00       8.885395480214e-03 
       1.141967265644e+00       8.417625923889e-03 
       1.168612667124e+00       7.973979424802e-03 
       1.195867563719e+00       7.553504738457e-03 
       1.223748583763e+00       7.153968376103e-03 
       1.252272296696e+00       6.775076449638e-03 
       1.281455271503e+00       6.415727346003e-03 
       1.311314134122e+00       6.074877387136e-03 
       1.341865622330e+00       5.751622289071e-03 
       1.373126636993e+00       5.445017515602e-03 
       1.405114289018e+00       5.154195492004e-03 
       1.437845941636e+00       4.878627288514e-03 
       1.471339247998e+00       4.617212768217e-03 
       1.505612184263e+00       4.369461061638e-03 
       1.540683078543e+00       4.134574290944e-03 
       1.576570636173e+00       3.911831016485e-03 
       1.613293961846e+00       3.701009250116e-03 
       1.650872579130e+00       3.500925319129e-03 
       1.689326447901e+00       3.311531198841e-03 
       1.728675980162e+00       3.132014682899e-03 
       1.768942054649e+00       2.961950919175e-03 
       1.810146030594e+00       2.800911713843e-03 
       1.852309760920e+00       2.648358251990e-03 
       1.895455605103e+00       2.503841013552e-03 
       1.939606441877e+00       2.367063814985e-03 
       1.984785681927e+00       2.237518132484e-03 
       2.031017280652e+00       2.114893130957e-03 
       2.078325751098e+00       1.998820872769e-03 
       2.126736177086e+00       1.888958431246e-03 
       2.176274226598e+00       1.784930573887e-03 
       2.226966165435e+00       1.686369202921e-03 
       2.278838871174e+00       1.593330365808e-03 
       2.331919847426e+00       1.505229587367e-03 
       2.386237238440e+00       1.421803034537e-03 
       2.441819844019e+00       1.342846594391e-03 
       2.498697134798e+00       1.268291726142e-03 
       2.556899267871e+00       1.197623053758e-03 
       2.616457102781e+00       1.130884011011e-03 
       2.677402217879e+00       1.067714239334e-03 
       2.739766927073e+00       1.007978341231e-03 
       2.803584296956e+00       9.515377195489e-04 
       2.868888164343e+00       8.981164537287e-04 
       2.935713154210e+00       8.476582311157e-04 
       3.004094698049e+00       7.999247740524e-04 
       3.074069052662e+00       7.548240465776e-04 
       3.145673319376e+00       7.121530522528e-04 
       3.218945463722e+00       6.718480347262e-04 
       3.293924335560e+00       6.337438205815e-04 
       3.370649689682e+00       5.977057537763e-04 
       3.449162206885e+00       5.637337302042e-04 
       3.529503515545e+00       5.315848811485e-04 
       3.611716213687e+00       5.012093362432e-04 
       3.695843891573e+00       4.725051842440e-04 
       3.781931154810e+00       4.453909420372e-04 
       3.870023648006e+00       4.197535137330e-04 
       3.960168078965e+00       3.956037174918e-04 
       4.052412243459e+00       3.727420143714e-04 
       4.146805050564e+00       3.511621505135e-04 
       4.243396548597e+00       3.307691359880e-04 
       4.342237951647e+00       3.115472541233e-04 
       4.443381666736e+00       2.933386951213e-04 
       4.546881321600e+00       2.761749781090e-04 
       4.652791793126e+00       2.599587411977e-04 
       4.761169236447e+00       2.446497587415e-04 
       4.872071114719e+00       2.302062864120e-04 
       4.985556229585e+00       2.165824477950e-04 
       5.101684752356e+00       2.036983388819e-04 
       5.220518255912e+00       1.915431867165e-04 
       5.342119747348e+00       1.800538223088e-04 
       5.466553701386e+00       1.692242374201e-04 
       5.593886094555e+00       1.590049251855e-04 
       5.724184440175e+00       1.493615920556e-04 
       5.857517824153e+00       1.402513946325e-04 
       5.993956941616e+00       1.316453725689e-04 
       6.133574134388e+00       1.235432318790e-04 
       6.276443429353e+00       1.158965506549e-04 
       6.422640577704e+00       1.086694903096e-04 
       6.572243095103e+00       1.018657493088e-04 
       6.725330302784e+00       9.543083697548e-05 
       6.881983369612e+00       8.937130049246e-05 
       7.042285355117e+00       8.363717771194e-05 
       7.206321253533e+00       7.826080480498e-05 
       7.374178038864e+00       7.316847153459e-05 
       7.545944711000e+00       6.837869006878e-05 
       7.721712342904e+00       6.385750760826e-05 
       7.901574128902e+00       5.958744630186e-05 
       8.085625434092e+00       5.556886174699e-05 
       8.273963844913e+00       5.178978248008e-05 
       8.466689220884e+00       4.822026045742e-05 
       8.663903747550e+00       4.486421249776e-05 
       8.865711990663e+00       4.169639274924e-05 
       9.072220951624e+00       3.871624660322e-05 
       9.283540124220e+00       3.590892679421e-05 
       9.499781552672e+00       3.327391667453e-05 
       9.721059891047e+00       3.078987103333e-05 
       9.947492464050e+00       2.845200540796e-05 
       1.017919932923e+01       2.625503160284e-05 
       1.041630334063e+01       2.419126935232e-05 
       1.065893021393e+01       2.225945036014e-05 
       1.090720859313e+01       2.044835614290e-05 
       1.116127011869e+01       1.874608030535e-05 
       1.142124949741e+01       1.715116307110e-05 
       1.168728457379e+01       1.565782290923e-05 
       1.195951640315e+01       1.426369269414e-05 
       1.223808932641e+01       1.296110447177e-05 
       1.252315104662e+01       1.174389396912e-05 
       1.281485270728e+01       1.061218011867e-05 
       1.311334897247e+01       9.556802495690e-06 
       1.341879810886e+01       8.576559017968e-06 
       1.373136206963e+01       7.667264392061e-06 
       1.405120658032e+01       6.828389200933e-06 
       1.437850122673e+01       6.052705994005e-06 
       1.471341954482e+01       5.338773214556e-06 
       1.505613911270e+01       4.683906318907e-06 
       1.540684164483e+01       4.081389468105e-06 
       1.576571308833e+01       3.537311453898e-06 
       1.613294372160e+01       3.040331911095e-06 
       1.650872825517e+01       2.590681838007e-06 
       1.689326593498e+01       2.187209842535e-06 
       1.728676064800e+01       1.825724800933e-06 
       1.768942103034e+01       1.504369993880e-06 
       1.810146057785e+01       1.220793493760e-06 
       1.852309775936e+01       9.741403760809e-07 
       1.895455613248e+01       7.608747221793e-07 
       1.939606446216e+01       5.785191952219e-07 
       1.984785684196e+01       4.255455733880e-07 
       2.031017281816e+01       3.006842992747e-07 
       2.078325751684e+01       1.993930072651e-07 
       2.126736177375e+01       1.216740965493e-07 
       2.176274226738e+01       6.504547265962e-08 
       2.226966165502e+01       2.721946139581e-08 
       2.278838871204e+01       6.196782822451e-09 
       2.331919847440e+01       1.037544420082e-11 
       2.386237238446e+01       6.684185749240e-09 
       2.441819844021e+01       2.411526154065e-08 
       2.498697134799e+01       5.073235288867e-08 
       2.556899267872e+01       8.396213844176e-08 
       2.616457102781e+01       1.239463154707e-07 
       2.677402217879e+01       1.676140229242e-07 
       2.739766927073e+01       2.117972519740e-07 
       2.803584296956e+01       2.570315475099e-07 
       2.868888164343e+01       3.019061368585e-07 
       2.935713154210e+01       3.443544473437e-07 
       3.004094698049e+01       3.846360861813e-07 
       3.074069052662e+01       4.180433140979e-07 
       3.145673319376e+01       4.487353134521e-07 
       3.218945463722e+01       4.755327563566e-07 
       3.293924335560e+01       4.898148780121e-07 
       3.370649689682e+01       4.982637068533e-07 
       3.449162206885e+01       5.043904488136e-07 
       3.529503515545e+01       5.020963925818e-07 
       3.611716213687e+01       4.932473163089e-07 
       3.695843891573e+01       4.780737642417e-07 
       3.781931154810e+01       4.575633570797e-07 
       3.870023648006e+01       4.308772852712e-07 
       3.960168078965e+01       4.006641177408e-07 
       4.052412243459e+01       3.676309167278e-07 
       4.146805050564e+01       3.321796650307e-07 
       4.243396548597e+01       2.940410073498e-07 
       4.342237951647e+01       2.558492516164e-07 
       4.443381666736e+01       2.183537459148e-07 
       4.546881321600e+01       1.820955439130e-07 
       4.652791793126e+01       1.481979597267e-07 
       4.761169236447e+01       1.156587770749e-07 
       4.872071114719e+01       8.655189920002e-08 
       4.985556229585e+01       6.278099215224e-08 
       5.101684752356e+01       4.238918393109e-08 
       5.220518255912e+01       2.710592399218e-08 
       5.342119747348e+01       1.470660814064e-08 
       5.466553701386e+01       6.517523927783e-09 
       5.593886094555e+01       1.770785378549e-09 
       5.724184440175e+01       1.958992847287e-11 
       5.857517824153e+01       9.275133707346e-10 
       5.993956941616e+01       2.235577644668e-09 
       6.133574134388e+01       5.930028031464e-09 
       6.276443429353e+01       1.064586904767e-08 
       6.422640577704e+01       1.568208654584e-08 
       6.572243095103e+01       2.093538727105e-08 
       6.725330302784e+01       2.396945811040e-08 
       6.881983369612e+01       3.053120311630e-08 
       7.042285355117e+01       3.069823596424e-08 
       7.206321253533e+01       2.737719769699e-08 
       7.374178038864e+01       3.018235217799e-08 
       7.545944711000e+01       2.800185840620e-08 
       7.721712342904e+01       2.544505399187e-08 
       7.901574128902e+01       2.193350727918e-08 
       8.085625434092e+01       1.796551304443e-08 
       8.273963844913e+01       1.371275572064e-08 
       8.466689220884e+01       1.032622399065e-08 
       8.663903747550e+01       6.886880941200e-09 
       8.865711990663e+01       4.125247096477e-09 
       9.072220951624e+01       6.117325087992e-10 
       9.283540124220e+01       9.676336030879e-10 
       9.499781552671e+01       1.641910460729e-10 
       9.721059891047e+01       1.586520245783e-10 
       9.947492464050e+01       5.818595614574e-10 
       1.017919932923e+02       1.647933791542e-09 
       1.041630334063e+02       1.050370109873e-09 
       1.065893021393e+02       4.394522819857e-09 
       1.090720859313e+02       1.377216488347e-09 
       1.116127011869e+02       1.585685082733e-09 
       1.142124949741e+02       4.348921290710e-09 
       1.168728457379e+02       8.024196202401e-10 
       1.195951640315e+02       1.469374932742e-09 
       1.223808932641e+02       1.123072460423e-10 
       1.252315104662e+02       1.493179852481e-09 
       1.281485270728e+02       2.251349823101e-10 
       1.311334897247e+02       3.927964023885e-11 
       1.341879810886e+02       5.807536276321e-10 
       1.373136206963e+02       5.744007300491e-12 
       1.405120658032e+02       3.297405031097e-10 
       1.437850122673e+02       9.432268926878e-11 
       1.471341954482e+02       2.724684152979e-09 
       1.505613911270e+02       5.104036772656e-10 
       1.540684164483e+02       9.876929729822e-11 
       1.576571308833e+02       1.911494993897e-11 
       1.613294372160e+02       6.049836393704e-10 
       1.650872825517e+02       8.654009698764e-10 
       1.689326593498e+02       1.602482186963e-10 
       1.728676064800e+02       6.949204526573e-09 
       1.768942103034e+02       7.819594464786e-10 
       1.810146057785e+02       3.238238776883e-11 
       1.852309775936e+02       9.477097633066e-11 
       1.895455613248e+02       9.808101428250e-10 
       1.939606446216e+02       4.129573088233e-11 
       1.984785684196e+02       3.015859227513e-10 
       2.031017281816e+02       9.119303766811e-10 
