# Matter power spectrum P(k) at redshift z=99
# for k=1.00899e-05 to 203.102 h/Mpc,
# number of wavenumbers equal to 845
#    1:k (h/Mpc)              2:P (Mpc/h)^3        
       1.008985923385e-05       8.602999896389e-03 
       2.251775554930e-05       1.859274192862e-02 
       3.498636120606e-05       2.838314402662e-02 
       4.752690065129e-05       3.808703551381e-02 
       6.017107953816e-05       4.776660452574e-02 
       7.295134796828e-05       5.746720920538e-02 
       8.590117159567e-05       6.722680167097e-02 
       9.905531396721e-05       7.707975517623e-02 
       1.124501335013e-04       8.705879133211e-02 
       1.261238985365e-04       9.719612385645e-02 
       1.401171238971e-04       1.075242304173e-01 
       1.544729323969e-04       1.180764313636e-01 
       1.692374446017e-04       1.288873786542e-01 
       1.844601999509e-04       1.399934822644e-01 
       2.001946119308e-04       1.514333189315e-01 
       2.164984593225e-04       1.632480291106e-01 
       2.334344144963e-04       1.754817149941e-01 
       2.510706081659e-04       1.881818465135e-01 
       2.694812277618e-04       2.013996660242e-01 
       2.887471434300e-04       2.151906097164e-01 
       3.089565513521e-04       2.296147159909e-01 
       3.302056183397e-04       2.447370206979e-01 
       3.525991041884e-04       2.606279310451e-01 
       3.762509288441e-04       2.773635317082e-01 
       4.012846398935e-04       2.950258174403e-01 
       4.278337223492e-04       3.137027944061e-01 
       4.560416776520e-04       3.334883997849e-01 
       4.860617833901e-04       3.544821925042e-01 
       5.180564314341e-04       3.767887253523e-01 
       5.521959331310e-04       4.005165427562e-01 
       5.886566802046e-04       4.257767306143e-01 
       6.276185644258e-04       4.526809367325e-01 
       6.692615935926e-04       4.813388642713e-01 
       7.137617004578e-04       5.118552273399e-01 
       7.612858262925e-04       5.443262387073e-01 
       8.119864673565e-04       5.788357812951e-01 
       8.659959883789e-04       6.154515056705e-01 
       9.234211117495e-04       6.542211055792e-01 
       9.843380585498e-04       6.951691493315e-01 
       1.048788822721e-03       7.382947493539e-01 
       1.116778987109e-03       7.835703940886e-01 
       1.188277341859e-03       8.309420438287e-01 
       1.263217364320e-03       8.803307481430e-01 
       1.341500404014e-03       9.316436145236e-01 
       1.423000230117e-03       9.847537758840e-01 
       1.507568477514e-03       1.039525743921e+00 
       1.595040487398e-03       1.095813341849e+00 
       1.685241075052e-03       1.153463899252e+00 
       1.777989849946e-03       1.212322035830e+00 
       1.873105833493e-03       1.272232938843e+00 
       1.970411241375e-03       1.333045058685e+00 
       2.069734401352e-03       1.394612074260e+00 
       2.170911854437e-03       1.456794419191e+00 
       2.273789735608e-03       1.519460263238e+00 
       2.378224553543e-03       1.582485923191e+00 
       2.484083493407e-03       1.645756227547e+00 
       2.591244358870e-03       1.709164200556e+00 
       2.699595254825e-03       1.772611336644e+00 
       2.809034094888e-03       1.836006678749e+00 
       2.919468000394e-03       1.899266881833e+00 
       3.030812641761e-03       1.962315389718e+00 
       3.142991559685e-03       2.025082542582e+00 
       3.255935492585e-03       2.087504194159e+00 
       3.369581728141e-03       2.149522213063e+00 
       3.483873490193e-03       2.211083431412e+00 
       3.598759367421e-03       2.272140095469e+00 
       3.714192786759e-03       2.332647835697e+00 
       3.830131532053e-03       2.392567429098e+00 
       3.946537306880e-03       2.451862532150e+00 
       4.063375339396e-03       2.510501516482e+00 
       4.180614026477e-03       2.568454535394e+00 
       4.298224614140e-03       2.625696440998e+00 
       4.416180911106e-03       2.682203774079e+00 
       4.534459032436e-03       2.737955586739e+00 
       4.653037170281e-03       2.792934297462e+00 
       4.771895388998e-03       2.847123534994e+00 
       4.891015442065e-03       2.900510475483e+00 
       5.010380608463e-03       2.953083007251e+00 
       5.129975546421e-03       3.004830471966e+00 
       5.249786162607e-03       3.055745932575e+00 
       5.369799495068e-03       3.105822017189e+00 
       5.490003608392e-03       3.155054917325e+00 
       5.610387499743e-03       3.203440316296e+00 
       5.730941014549e-03       3.250975487895e+00 
       5.851654770797e-03       3.297659729317e+00 
       5.972520090970e-03       3.343493727159e+00 
       6.093528940795e-03       3.388477732239e+00 
       6.214673874059e-03       3.432613924169e+00 
       6.335947982840e-03       3.475905655065e+00 
       6.457344852562e-03       3.518355345945e+00 
       6.578858521367e-03       3.559969171227e+00 
       6.700483443346e-03       3.600751694143e+00 
       6.822214455222e-03       3.640707378766e+00 
       6.944046746129e-03       3.679843627323e+00 
       7.065975830168e-03       3.718167477024e+00 
       7.187997521452e-03       3.755684041293e+00 
       7.310107911398e-03       3.792403792714e+00 
       7.432303348035e-03       3.828333867138e+00 
       7.554580417125e-03       3.863482133158e+00 
       7.676935924931e-03       3.897855213882e+00 
       7.799366882465e-03       3.931463742292e+00 
       7.921870491067e-03       3.964316496610e+00 
       8.044444129208e-03       3.996421990812e+00 
       8.167085340379e-03       4.027789637476e+00 
       8.289791821990e-03       4.058427504754e+00 
       8.412561415158e-03       4.088346429654e+00 
       8.535392095331e-03       4.117554775578e+00 
       8.658281963653e-03       4.146061542880e+00 
       8.781229239010e-03       4.173875218575e+00 
       8.904232250708e-03       4.201007639753e+00 
       9.027289431704e-03       4.227465447526e+00 
       9.150399312368e-03       4.253257858623e+00 
       9.273560514714e-03       4.278394659424e+00 
       9.396771747065e-03       4.302884215638e+00 
       9.520031799123e-03       4.326734806147e+00 
       9.643339537395e-03       4.349956325866e+00 
       9.766693900965e-03       4.372554895923e+00 
       9.890093897566e-03       4.394541325243e+00 
       1.001353859994e-02       4.415923702344e+00 
       1.013702714247e-02       4.436707758672e+00 
       1.026055871802e-02       4.456902888795e+00 
       1.038413257505e-02       4.476516388101e+00 
       1.050774801489e-02       4.495559112251e+00 
       1.063140438921e-02       4.514031707568e+00 
       1.075510109773e-02       4.531949442488e+00 
       1.087883758598e-02       4.549314439573e+00 
       1.100261334330e-02       4.566133419336e+00 
       1.112642790095e-02       4.582415088914e+00 
       1.125028083038e-02       4.598166764745e+00 
       1.137417174154e-02       4.613393891622e+00 
       1.149810028141e-02       4.628104825052e+00 
       1.162206613256e-02       4.642302717616e+00 
       1.174606901183e-02       4.655997080698e+00 
       1.187010866910e-02       4.669192929992e+00 
       1.199418488617e-02       4.681897795987e+00 
       1.211829747567e-02       4.694113749740e+00 
       1.224244628010e-02       4.705850261155e+00 
       1.236663117090e-02       4.717114445708e+00 
       1.249085204757e-02       4.727908404726e+00 
       1.261510883696e-02       4.738240459571e+00 
       1.273940149246e-02       4.748114695819e+00 
       1.286372999336e-02       4.757537145500e+00 
       1.298809434421e-02       4.766514408418e+00 
       1.311249457428e-02       4.775049819723e+00 
       1.323693073698e-02       4.783149861718e+00 
       1.336140290942e-02       4.790820742448e+00 
       1.348591119193e-02       4.798068211809e+00 
       1.361045570765e-02       4.804895828282e+00 
       1.373503660222e-02       4.811309243171e+00 
       1.385965404336e-02       4.817315004342e+00 
       1.398430822064e-02       4.822916468646e+00 
       1.410899934517e-02       4.828120382709e+00 
       1.423372764937e-02       4.832928910048e+00 
       1.435849338678e-02       4.837351791710e+00 
       1.448329683185e-02       4.841389563842e+00 
       1.460813827981e-02       4.845048765535e+00 
       1.473301804651e-02       4.848336929384e+00 
       1.485793646835e-02       4.851255753227e+00 
       1.498289390217e-02       4.853808930971e+00 
       1.510789072521e-02       4.856005966345e+00 
       1.523292733507e-02       4.857849457502e+00 
       1.535800414968e-02       4.859342274064e+00 
       1.548312160735e-02       4.860493985357e+00 
       1.560828016672e-02       4.861306696713e+00 
       1.573348030688e-02       4.861778291806e+00 
       1.585872252741e-02       4.861925424556e+00 
       1.598400734844e-02       4.861746199130e+00 
       1.610933531079e-02       4.861244702932e+00 
       1.623470697605e-02       4.860430084127e+00 
       1.636012292677e-02       4.859304460893e+00 
       1.648558376655e-02       4.857869159413e+00 
       1.661109012028e-02       4.856132883512e+00 
       1.673664263428e-02       4.854097381142e+00 
       1.686224197652e-02       4.851770710229e+00 
       1.698788883685e-02       4.849155189865e+00 
       1.711358392725e-02       4.846251314245e+00 
       1.723932798205e-02       4.843070265923e+00 
       1.736512175823e-02       4.839611268180e+00 
       1.749096603570e-02       4.835880628221e+00 
       1.761686161762e-02       4.831879808123e+00 
       1.774280933070e-02       4.827623631090e+00 
       1.786881002554e-02       4.823099354720e+00 
       1.799486457700e-02       4.818325553791e+00 
       1.812097388457e-02       4.813299417985e+00 
       1.824713887274e-02       4.808022999017e+00 
       1.837336049141e-02       4.802505801860e+00 
       1.849963971633e-02       4.796750665944e+00 
       1.862597754953e-02       4.790756952237e+00 
       1.875237501977e-02       4.784531940952e+00 
       1.887883318301e-02       4.778079447567e+00 
       1.900535312294e-02       4.771403544075e+00 
       1.913193595143e-02       4.764510674741e+00 
       1.925858280911e-02       4.757400495314e+00 
       1.938529486592e-02       4.750073564187e+00 
       1.951207332163e-02       4.742541010511e+00 
       1.963891940648e-02       4.734800307705e+00 
       1.976583438176e-02       4.726866238220e+00 
       1.989281954046e-02       4.718722727616e+00 
       2.001987620788e-02       4.710388852478e+00 
       2.014700574237e-02       4.701867501327e+00 
       2.027420953594e-02       4.693153848493e+00 
       2.040148901504e-02       4.684257463732e+00 
       2.052884564128e-02       4.675179536114e+00 
       2.065628091220e-02       4.665926118268e+00 
       2.078379636203e-02       4.656499931009e+00 
       2.091139356253e-02       4.646901689342e+00 
       2.103907412384e-02       4.637128664136e+00 
       2.116683969530e-02       4.627202550237e+00 
       2.129469196640e-02       4.617104636868e+00 
       2.142263266765e-02       4.606848590743e+00 
       2.155066357157e-02       4.596449382775e+00 
       2.167878649364e-02       4.585900328966e+00 
       2.180700329333e-02       4.575187795296e+00 
       2.193531587513e-02       4.564339367137e+00 
       2.206372618964e-02       4.553343960162e+00 
       2.219223623466e-02       4.542211707539e+00 
       2.232084805636e-02       4.530948197606e+00 
       2.244956375042e-02       4.519546519927e+00 
       2.257838546331e-02       4.508010755660e+00 
       2.270731539347e-02       4.496355502772e+00 
       2.283635579267e-02       4.484571412057e+00 
       2.296550896730e-02       4.472655903188e+00 
       2.309477727980e-02       4.460641608761e+00 
       2.322416315002e-02       4.448502108536e+00 
       2.335366905675e-02       4.436249322276e+00 
       2.348329753921e-02       4.423885593045e+00 
       2.361305119861e-02       4.411410369541e+00 
       2.374293269977e-02       4.398840995119e+00 
       2.387294477280e-02       4.386157317849e+00 
       2.400309021484e-02       4.373380518580e+00 
       2.413337189178e-02       4.360503068790e+00 
       2.426379274017e-02       4.347535150864e+00 
       2.439435576908e-02       4.334469253034e+00 
       2.452506406208e-02       4.321315568993e+00 
       2.465592077927e-02       4.308072725318e+00 
       2.478692915937e-02       4.294756854016e+00 
       2.491809252190e-02       4.281344566661e+00 
       2.504941426942e-02       4.267852225822e+00 
       2.518089788986e-02       4.254293475904e+00 
       2.531254695892e-02       4.240655800007e+00 
       2.544436514254e-02       4.226948134427e+00 
       2.557635619949e-02       4.213155702900e+00 
       2.570852398403e-02       4.199317594765e+00 
       2.584087244865e-02       4.185401243521e+00 
       2.597340564696e-02       4.171412735100e+00 
       2.610612773662e-02       4.157377253125e+00 
       2.623904298241e-02       4.143271949561e+00 
       2.637215575941e-02       4.129109489793e+00 
       2.650547055630e-02       4.114899998189e+00 
       2.663899197875e-02       4.100622588892e+00 
       2.677272475300e-02       4.086307853026e+00 
       2.690667372949e-02       4.071939998294e+00 
       2.704084388668e-02       4.057516909905e+00 
       2.717524033506e-02       4.043053371328e+00 
       2.730986832117e-02       4.028555372424e+00 
       2.744473323193e-02       4.014007855907e+00 
       2.757984059904e-02       3.999407481268e+00 
       2.771519610360e-02       3.984783569940e+00 
       2.785080558089e-02       3.970130122217e+00 
       2.798667502534e-02       3.955419980394e+00 
       2.812281059571e-02       3.940695704027e+00 
       2.825921862046e-02       3.925925615410e+00 
       2.839590560337e-02       3.911137849392e+00 
       2.853287822937e-02       3.896314862587e+00 
       2.867014337060e-02       3.881467541959e+00 
       2.880770809274e-02       3.866587093344e+00 
       2.894557966159e-02       3.851686805279e+00 
       2.908376554997e-02       3.836776252026e+00 
       2.922227344485e-02       3.821834761211e+00 
       2.936111125486e-02       3.806874840516e+00 
       2.950028711803e-02       3.791900272402e+00 
       2.963980940998e-02       3.776901553727e+00 
       2.977968675242e-02       3.761887773340e+00 
       2.991992802198e-02       3.746864340448e+00 
       3.006054235952e-02       3.731830534790e+00 
       3.020153917986e-02       3.716780820148e+00 
       3.034292818185e-02       3.701723628556e+00 
       3.048471935906e-02       3.686658246723e+00 
       3.062692301082e-02       3.671569163567e+00 
       3.076954975391e-02       3.656502205094e+00 
       3.091261053472e-02       3.641417348193e+00 
       3.105611664203e-02       3.626324726034e+00 
       3.120007972039e-02       3.611230369072e+00 
       3.134451178417e-02       3.596118456045e+00 
       3.148942523232e-02       3.581021955406e+00 
       3.163483286384e-02       3.565923700259e+00 
       3.178074789403e-02       3.550828857426e+00 
       3.192718397158e-02       3.535721333450e+00 
       3.207415519655e-02       3.520625117272e+00 
       3.222167613928e-02       3.505531829749e+00 
       3.236976186026e-02       3.490434663857e+00 
       3.251842793110e-02       3.475366979209e+00 
       3.266769045662e-02       3.460257704878e+00 
       3.281756609809e-02       3.445201797399e+00 
       3.296807209781e-02       3.430118125410e+00 
       3.311922630503e-02       3.415050406958e+00 
       3.327104720329e-02       3.400012521941e+00 
       3.342355393934e-02       3.384960308838e+00 
       3.357676635374e-02       3.369906290349e+00 
       3.373070501315e-02       3.354887853982e+00 
       3.388539124463e-02       3.339868191564e+00 
       3.404084717188e-02       3.324857946377e+00 
       3.419709575366e-02       3.309861762152e+00 
       3.435416082463e-02       3.294872067562e+00 
       3.451206713858e-02       3.279879416709e+00 
       3.467084041444e-02       3.264927054540e+00 
       3.483050738512e-02       3.249956427510e+00 
       3.499109584951e-02       3.235006952804e+00 
       3.515263472782e-02       3.220087931435e+00 
       3.531515412053e-02       3.205164850256e+00 
       3.547868537122e-02       3.190256072384e+00 
       3.564326113364e-02       3.175360353740e+00 
       3.580891544335e-02       3.160473762315e+00 
       3.597568379423e-02       3.145596165471e+00 
       3.614360322038e-02       3.130745231078e+00 
       3.631271238380e-02       3.115888725889e+00 
       3.648305166828e-02       3.101044701184e+00 
       3.665466328025e-02       3.086226602925e+00 
       3.682759135694e-02       3.071417701312e+00 
       3.700188208264e-02       3.056612964708e+00 
       3.717758381384e-02       3.041820745762e+00 
       3.735474721393e-02       3.027040216107e+00 
       3.753342539844e-02       3.012253757753e+00 
       3.771367409180e-02       2.997489048797e+00 
       3.789555179669e-02       2.982732997296e+00 
       3.807911997726e-02       2.967986131630e+00 
       3.826444325751e-02       2.953251653661e+00 
       3.845158963647e-02       2.938518202307e+00 
       3.864063072175e-02       2.923791901681e+00 
       3.883164198345e-02       2.909064817486e+00 
       3.902470303062e-02       2.894344984522e+00 
       3.921989791253e-02       2.879627276081e+00 
       3.941731544758e-02       2.864909050440e+00 
       3.961704958289e-02       2.850190720459e+00 
       3.981919978798e-02       2.835476321590e+00 
       4.002387148648e-02       2.820760650812e+00 
       4.023117653032e-02       2.806035810724e+00 
       4.044123372141e-02       2.791307373579e+00 
       4.065416938658e-02       2.776573241109e+00 
       4.087011801240e-02       2.761829827453e+00 
       4.108922294733e-02       2.747077349718e+00 
       4.131163717982e-02       2.732305848448e+00 
       4.153752420241e-02       2.717524656833e+00 
       4.176705897322e-02       2.702730973395e+00 
       4.200042898802e-02       2.687908978836e+00 
       4.223783547839e-02       2.673073264943e+00 
       4.247949475379e-02       2.658208368206e+00 
       4.272563970839e-02       2.643314343740e+00 
       4.297652151713e-02       2.628391199664e+00 
       4.323241154967e-02       2.613428468272e+00 
       4.349360353592e-02       2.598430175370e+00 
       4.376041602319e-02       2.583385740902e+00 
       4.403319517213e-02       2.568297777052e+00 
       4.431231794788e-02       2.553154114591e+00 
       4.459819577357e-02       2.537961192026e+00 
       4.489127872701e-02       2.522700257416e+00 
       4.519206037738e-02       2.507365226457e+00 
       4.550108337953e-02       2.491988262919e+00 
       4.581894596815e-02       2.476474378220e+00 
       4.614630952536e-02       2.460905043996e+00 
       4.648390743429e-02       2.445214138940e+00 
       4.683255547970e-02       2.429432695409e+00 
       4.719316411816e-02       2.413528091638e+00 
       4.756675301773e-02       2.397482927089e+00 
       4.795446836503e-02       2.381313471923e+00 
       4.835760356241e-02       2.364993825118e+00 
       4.877762409663e-02       2.348480466955e+00 
       4.921619756285e-02       2.331765548852e+00 
       4.967523008562e-02       2.314815936600e+00 
       5.015691070604e-02       2.297620292647e+00 
       5.066376571717e-02       2.280146686539e+00 
       5.119872544392e-02       2.262338083821e+00 
       5.176520658853e-02       2.244176629425e+00 
       5.236721399178e-02       2.225590186255e+00 
       5.300946644312e-02       2.206506216856e+00 
       5.369755187007e-02       2.186838245157e+00 
       5.443811751592e-02       2.166481859822e+00 
       5.523909986870e-02       2.145293323128e+00 
       5.610999570581e-02       2.123080459113e+00 
       5.706216694303e-02       2.099593333221e+00 
       5.810915312358e-02       2.074514311248e+00 
       5.926692834861e-02       2.047383607671e+00 
       6.055397337690e-02       2.017604143029e+00 
       6.199093019779e-02       1.984368617323e+00 
       6.359947941573e-02       1.946621411884e+00 
       6.540001143586e-02       1.903069470277e+00 
       6.740785584535e-02       1.852263578965e+00 
       6.962856954584e-02       1.792844016277e+00 
       7.205402576627e-02       1.723972107061e+00 
       7.466181558845e-02       1.645827051225e+00 
       7.741925945704e-02       1.559915621003e+00 
       8.029037151845e-02       1.468997725705e+00 
       8.324228136121e-02       1.376620206982e+00 
       8.624873568324e-02       1.286490397519e+00 
       8.929066763551e-02       1.201905102930e+00 
       9.235510012400e-02       1.125370404736e+00 
       9.543357075755e-02       1.058436760812e+00 
       9.852071039889e-02       1.001698392146e+00 
       1.016131705669e-01       9.548870019351e-01 
       1.047088850236e-01       9.170570045145e-01 
       1.078065869652e-01       8.867555408358e-01 
       1.109055026927e-01       8.622006605792e-01 
       1.140051606950e-01       8.414610230063e-01 
       1.171052739291e-01       8.226281382670e-01 
       1.202056676986e-01       8.039786494871e-01 
       1.233062356398e-01       7.841170782356e-01 
       1.264069129232e-01       7.620902347868e-01 
       1.295076599588e-01       7.374446226874e-01 
       1.326084524970e-01       7.102147707968e-01 
       1.357092756157e-01       6.808649070019e-01 
       1.388101200704e-01       6.501746813230e-01 
       1.419109800763e-01       6.190998731616e-01 
       1.450118519627e-01       5.886396801738e-01 
       1.481127333536e-01       5.597085582380e-01 
       1.512136226708e-01       5.330610710493e-01 
       1.543145188302e-01       5.092160494238e-01 
       1.574154210577e-01       4.884310692162e-01 
       1.605163287752e-01       4.707393061048e-01 
       1.636172415321e-01       4.559434485871e-01 
       1.667181589622e-01       4.436768076976e-01 
       1.698190807569e-01       4.334156268806e-01 
       1.729200066488e-01       4.246144527647e-01 
       1.760209364009e-01       4.166915365532e-01 
       1.791218697997e-01       4.091611895085e-01 
       1.822228066506e-01       4.014263373593e-01 
       1.853237467746e-01       3.930957811674e-01 
       1.884246900064e-01       3.839216545997e-01 
       1.915256361923e-01       3.738210153339e-01 
       1.946265851889e-01       3.628659322332e-01 
       1.977275368625e-01       3.512563013915e-01 
       2.008284910877e-01       3.392754077638e-01 
       2.039294477471e-01       3.272432854502e-01 
       2.070304067303e-01       3.154696197559e-01 
       2.101313679336e-01       3.042221883392e-01 
       2.132323312595e-01       2.937196044943e-01 
       2.163332966159e-01       2.841087681533e-01 
       2.194342639162e-01       2.754746266470e-01 
       2.225352330786e-01       2.678390189117e-01 
       2.256362040257e-01       2.611440380160e-01 
       2.287371766844e-01       2.552973504804e-01 
       2.318381509857e-01       2.501427075629e-01 
       2.349391268640e-01       2.454996928148e-01 
       2.380401042573e-01       2.411708884375e-01 
       2.411410831068e-01       2.369752866621e-01 
       2.442420633567e-01       2.327586946864e-01 
       2.473430449540e-01       2.284047681077e-01 
       2.504440278483e-01       2.238377653060e-01 
       2.535450119918e-01       2.190276661812e-01 
       2.566459973389e-01       2.139795340416e-01 
       2.597469838462e-01       2.087385982010e-01 
       2.628479714724e-01       2.033724409079e-01 
       2.659489601782e-01       1.979721300002e-01 
       2.690499499260e-01       1.926376181490e-01 
       2.721509406800e-01       1.874690293190e-01 
       2.752519324060e-01       1.825506211869e-01 
       2.783529250714e-01       1.779439006848e-01 
       2.814539186449e-01       1.736819960103e-01 
       2.845549130966e-01       1.697739333646e-01 
       2.876559083981e-01       1.662008035845e-01 
       2.907569045219e-01       1.629300401471e-01 
       2.938579014420e-01       1.599119104922e-01 
       2.969588991332e-01       1.570955295531e-01 
       3.000598975715e-01       1.544244351307e-01 
       3.031608967339e-01       1.518421795770e-01 
       3.062618965982e-01       1.492963576376e-01 
       3.093628971433e-01       1.467432812848e-01 
       3.124638983487e-01       1.441507284039e-01 
       3.155649001950e-01       1.415027209349e-01 
       3.186659026633e-01       1.387988895064e-01 
       3.217669057355e-01       1.360521842256e-01 
       3.248679093943e-01       1.332843596954e-01 
       3.279689136230e-01       1.305225311033e-01 
       3.310699184054e-01       1.277947969062e-01 
       3.341709237261e-01       1.251276037109e-01 
       3.372719295702e-01       1.225443517848e-01 
       3.403729359233e-01       1.200659299299e-01 
       3.434739427715e-01       1.177049385653e-01 
       3.465749501015e-01       1.154716503051e-01 
       3.496759579004e-01       1.133668866257e-01 
       3.527769661558e-01       1.113832529204e-01 
       3.558779748558e-01       1.095067595627e-01 
       3.589789839887e-01       1.077191715446e-01 
       3.620799935433e-01       1.059990415488e-01 
       3.651810035090e-01       1.043281081688e-01 
       3.682820138752e-01       1.026895402041e-01 
       3.713830246319e-01       1.010708578871e-01 
       3.744840357693e-01       9.946311335675e-02 
       3.775850472781e-01       9.785983370622e-02 
       3.806860591491e-01       9.625813554037e-02 
       3.837870713735e-01       9.465805668078e-02 
       3.868880839427e-01       9.306221885421e-02 
       3.899890968486e-01       9.147690392355e-02 
       3.930901100830e-01       8.991001822688e-02 
       3.961911236384e-01       8.837162687176e-02 
       3.992921375071e-01       8.686939149207e-02 
       4.023931516819e-01       8.540974245139e-02 
       4.054941661557e-01       8.399638083360e-02 
       4.085951809217e-01       8.263111683177e-02 
       4.116961959733e-01       8.131319731877e-02 
       4.147972113040e-01       8.004195794287e-02 
       4.178982269077e-01       7.881538268679e-02 
       4.209992427782e-01       7.763067307655e-02 
       4.241002589097e-01       7.648404869626e-02 
       4.272012752965e-01       7.537075049066e-02 
       4.303022919330e-01       7.428452604179e-02 
       4.334033088139e-01       7.321957164733e-02 
       4.365043259339e-01       7.217054321245e-02 
       4.396053432879e-01       7.113411536271e-02 
       4.427063608711e-01       7.010821914664e-02 
       4.458073786786e-01       6.909251492852e-02 
       4.489083967058e-01       6.808730474860e-02 
       4.520094149481e-01       6.709360133616e-02 
       4.551104334010e-01       6.611229572025e-02 
       4.582114520605e-01       6.514455042179e-02 
       4.613124709221e-01       6.419206510246e-02 
       4.644134899819e-01       6.325742040845e-02 
       4.675145092360e-01       6.234307337056e-02 
       4.706155286804e-01       6.145164898684e-02 
       4.737165483114e-01       6.058430843290e-02 
       4.768175681254e-01       5.974125298793e-02 
       4.799185881188e-01       5.892164133496e-02 
       4.830196082881e-01       5.812368680088e-02 
       4.861206286300e-01       5.734504212941e-02 
       4.892216491411e-01       5.658389939235e-02 
       4.923226698183e-01       5.583886311482e-02 
       4.954236906585e-01       5.510817947636e-02 
       4.985247116585e-01       5.439051803440e-02 
       5.016257328155e-01       5.368450695299e-02 
       5.047267541264e-01       5.298851496093e-02 
       5.078277755885e-01       5.230125104645e-02 
       5.109287971991e-01       5.162212580048e-02 
       5.140298189553e-01       5.095146601208e-02 
       5.171308408547e-01       5.028994073883e-02 
       5.202318628946e-01       4.963872857487e-02 
       5.233328850725e-01       4.899856023907e-02 
       5.264339073859e-01       4.837015599541e-02 
       5.295349298326e-01       4.775360730271e-02 
       5.326359524101e-01       4.714848610909e-02 
       5.357369751162e-01       4.655483491634e-02 
       5.388379979486e-01       4.597267373052e-02 
       5.419390209052e-01       4.540218280921e-02 
       5.450400439839e-01       4.484349625438e-02 
       5.481410671825e-01       4.429640023751e-02 
       5.512420904991e-01       4.376033727147e-02 
       5.543431139316e-01       4.323422005510e-02 
       5.574441374782e-01       4.271717308302e-02 
       5.605451611368e-01       4.220840278746e-02 
       5.636461849057e-01       4.170737676673e-02 
       5.667472087831e-01       4.121416963104e-02 
       5.698482327671e-01       4.072862772042e-02 
       5.729492568561e-01       4.025065889164e-02 
       5.760502810483e-01       3.977991915810e-02 
       5.791513053421e-01       3.931597899265e-02 
       5.822523297358e-01       3.885844480282e-02 
       5.853533542278e-01       3.840727139881e-02 
       5.884543788167e-01       3.796259869892e-02 
       5.915554035008e-01       3.752485799571e-02 
       5.946564282787e-01       3.709442663408e-02 
       5.977574531490e-01       3.667156439640e-02 
       6.008584781101e-01       3.625602661264e-02 
       6.039595031606e-01       3.584760906039e-02 
       6.070605282993e-01       3.544587747837e-02 
       6.101615535247e-01       3.505058435989e-02 
       6.132625788356e-01       3.466162916476e-02 
       6.163636042306e-01       3.427908927868e-02 
       6.194646297084e-01       3.390296776249e-02 
       6.225656552679e-01       3.353306657793e-02 
       6.256666809078e-01       3.316903706253e-02 
       6.287677066270e-01       3.281040287404e-02 
       6.318687324242e-01       3.245674451530e-02 
       6.349697582983e-01       3.210782561853e-02 
       6.380707842481e-01       3.176362460070e-02 
       6.411718102727e-01       3.142438222512e-02 
       6.442728363709e-01       3.109014913540e-02 
       6.473738625416e-01       3.076095062856e-02 
       6.504748887838e-01       3.043662836120e-02 
       6.535759150964e-01       3.011695967842e-02 
       6.566769414786e-01       2.980166807881e-02 
       6.597779679293e-01       2.949070569285e-02 
       6.628789944474e-01       2.918415101531e-02 
       6.659800210322e-01       2.888219682329e-02 
       6.690810476827e-01       2.858492035728e-02 
       6.721820743978e-01       2.829233888241e-02 
       6.752831011769e-01       2.800420493160e-02 
       6.783841280189e-01       2.772023413177e-02 
       6.814851549230e-01       2.744018669650e-02 
       6.845861818884e-01       2.716393349256e-02 
       6.876872089143e-01       2.689144640838e-02 
       6.907882359997e-01       2.662282715325e-02 
       6.938892631440e-01       2.635812234958e-02 
       6.969902903463e-01       2.609730084860e-02 
       7.000913176059e-01       2.584006458341e-02 
       7.031923449220e-01       2.558628585853e-02 
       7.062933722939e-01       2.533562298088e-02 
       7.093943997207e-01       2.508814937206e-02 
       7.124954272019e-01       2.484387643115e-02 
       7.155964547367e-01       2.460290738810e-02 
       7.186974823243e-01       2.436535312938e-02 
       7.217985099642e-01       2.413122159178e-02 
       7.248995376557e-01       2.390030987614e-02 
       7.280005653980e-01       2.367238380582e-02 
       7.464455758911e-01       2.237674616266e-02 
       7.651667369904e-01       2.116145769234e-02 
       7.841776807609e-01       2.001957590523e-02 
       8.034934157474e-01       1.894523091591e-02 
       8.231301148749e-01       1.793365222720e-02 
       8.431049009566e-01       1.698013618164e-02 
       8.634356369493e-01       1.608080232203e-02 
       8.841407269858e-01       1.523192563376e-02 
       9.052389330669e-01       1.442995184363e-02 
       9.267492111720e-01       1.367150621190e-02 
       9.486905694695e-01       1.295395828099e-02 
       9.710819503027e-01       1.227451007887e-02 
       9.939421366891e-01       1.163094416315e-02 
       1.017289683224e+00       1.102111767864e-02 
       1.041142870509e+00       1.044308127703e-02 
       1.065519681575e+00       9.894993828604e-03 
       1.090437798200e+00       9.375261921893e-03 
       1.115914614608e+00       8.882316100103e-03 
       1.141967265759e+00       8.414739920814e-03 
       1.168612667242e+00       7.971225642272e-03 
       1.195867563839e+00       7.550433824637e-03 
       1.223748583886e+00       7.151211610908e-03 
       1.252272296823e+00       6.772434202488e-03 
       1.281455271632e+00       6.413135549291e-03 
       1.311314134255e+00       6.072387513397e-03 
       1.341865622465e+00       5.749206042010e-03 
       1.373126637132e+00       5.442638734625e-03 
       1.405114289159e+00       5.151972315273e-03 
       1.437845941780e+00       4.876403216062e-03 
       1.471339248146e+00       4.615038221509e-03 
       1.505612184415e+00       4.367298305726e-03 
       1.540683078698e+00       4.132470874711e-03 
       1.576570636332e+00       3.909858178087e-03 
       1.613293962009e+00       3.698964680416e-03 
       1.650872579296e+00       3.499049419459e-03 
       1.689326448072e+00       3.309675796055e-03 
       1.728675980336e+00       3.130229999851e-03 
       1.768942054827e+00       2.960232481275e-03 
       1.810146030777e+00       2.799243280957e-03 
       1.852309761107e+00       2.646747968264e-03 
       1.895455605294e+00       2.502323031855e-03 
       1.939606442072e+00       2.365572328271e-03 
       1.984785682127e+00       2.236104656870e-03 
       2.031017280857e+00       2.113515095557e-03 
       2.078325751307e+00       1.997472025775e-03 
       2.126736177300e+00       1.887633196274e-03 
       2.176274226817e+00       1.783668293470e-03 
       2.226966165660e+00       1.685273537316e-03 
       2.278838871403e+00       1.592160142045e-03 
       2.331919847661e+00       1.504057021681e-03 
       2.386237238680e+00       1.420702649055e-03 
       2.441819844264e+00       1.341849564284e-03 
       2.498697135050e+00       1.267248569919e-03 
       2.556899268129e+00       1.196681184822e-03 
       2.616457103044e+00       1.129949939233e-03 
       2.677402218149e+00       1.066825192817e-03 
       2.739766927348e+00       1.007142660821e-03 
       2.803584297238e+00       9.507044136308e-04 
       2.868888164632e+00       8.973411475696e-04 
       2.935713154505e+00       8.468907217019e-04 
       3.004094698352e+00       7.991933298299e-04 
       3.074069052971e+00       7.541055636288e-04 
       3.145673319693e+00       7.114879167235e-04 
       3.218945464046e+00       6.712061702840e-04 
       3.293924335892e+00       6.331409307647e-04 
       3.370649690021e+00       5.971623879943e-04 
       3.449162207232e+00       5.631672849763e-04 
       3.529503515900e+00       5.310403499394e-04 
       3.611716214051e+00       5.006941780545e-04 
       3.695843891945e+00       4.720189315029e-04 
       3.781931155191e+00       4.449279341345e-04 
       3.870023648396e+00       4.193391771622e-04 
       3.960168079364e+00       3.951667960880e-04 
       4.052412243867e+00       3.723330140989e-04 
       4.146805050982e+00       3.507689226346e-04 
       4.243396549024e+00       3.304033692853e-04 
       4.342237952085e+00       3.111693322599e-04 
       4.443381667184e+00       2.930060801930e-04 
       4.546881322058e+00       2.758556819574e-04 
       4.652791793594e+00       2.596613016752e-04 
       4.761169236926e+00       2.443679791319e-04 
       4.872071115209e+00       2.299338902320e-04 
       4.985556230087e+00       2.163041714039e-04 
       5.101684752870e+00       2.034393108288e-04 
       5.220518256437e+00       1.912935624894e-04 
       5.342119747886e+00       1.798291025468e-04 
       5.466553701937e+00       1.690079264645e-04 
       5.593886095118e+00       1.587934287924e-04 
       5.724184440751e+00       1.491544127378e-04 
       5.857517824743e+00       1.400579394438e-04 
       5.993956942219e+00       1.314737277024e-04 
       6.133574135006e+00       1.233723362440e-04 
       6.276443429986e+00       1.157279954097e-04 
       6.422640578351e+00       1.085171656745e-04 
       6.572243095764e+00       1.017134300743e-04 
       6.725330303461e+00       9.529481391934e-05 
       6.881983370305e+00       8.923995953375e-05 
       7.042285355826e+00       8.352853779352e-05 
       7.206321254258e+00       7.814238474183e-05 
       7.374178039606e+00       7.306295651743e-05 
       7.545944711760e+00       6.827331437699e-05 
       7.721712343682e+00       6.375684282722e-05 
       7.901574129697e+00       5.949964174920e-05 
       8.085625434906e+00       5.548780945689e-05 
       8.273963845747e+00       5.170697852285e-05 
       8.466689221737e+00       4.814387414018e-05 
       8.663903748422e+00       4.478761550031e-05 
       8.865711991556e+00       4.162638380097e-05 
       9.072220952538e+00       3.865073521334e-05 
       9.283540125155e+00       3.584855132310e-05 
       9.499781553628e+00       3.321304611074e-05 
       9.721059892026e+00       3.073367830808e-05 
       9.947492465052e+00       2.840234110927e-05 
       1.017919933025e+01       2.621123044959e-05 
       1.041630334168e+01       2.415314992714e-05 
       1.065893021501e+01       2.222106042219e-05 
       1.090720859423e+01       2.040832923811e-05 
       1.116127011982e+01       1.870892909030e-05 
       1.142124949856e+01       1.711694521873e-05 
       1.168728457497e+01       1.562670112023e-05 
       1.195951640436e+01       1.423379102633e-05 
       1.223808932764e+01       1.293166310980e-05 
       1.252315104788e+01       1.171730882794e-05 
       1.281485270857e+01       1.058611702462e-05 
       1.311334897379e+01       9.533762474412e-06 
       1.341879811021e+01       8.556222608808e-06 
       1.373136207101e+01       7.650060306729e-06 
       1.405120658174e+01       6.811782161859e-06 
       1.437850122818e+01       6.037721824850e-06 
       1.471341954630e+01       5.325388269344e-06 
       1.505613911421e+01       4.671308031347e-06 
       1.540684164638e+01       4.072639519116e-06 
       1.576571308992e+01       3.526735389553e-06 
       1.613294372322e+01       3.030861903450e-06 
       1.650872825683e+01       2.582550108154e-06 
       1.689326593668e+01       2.179258334911e-06 
       1.728676064974e+01       1.818683007408e-06 
       1.768942103212e+01       1.498317709194e-06 
       1.810146057967e+01       1.216041658024e-06 
       1.852309776122e+01       9.695113459908e-07 
       1.895455613439e+01       7.565581896150e-07 
       1.939606446411e+01       5.749998172689e-07 
       1.984785684395e+01       4.226928818229e-07 
       2.031017282021e+01       2.975703443520e-07 
       2.078325751893e+01       1.974562396016e-07 
       2.126736177589e+01       1.202958083549e-07 
       2.176274226957e+01       6.400090653666e-08 
       2.226966165726e+01       2.654576142251e-08 
       2.278838871434e+01       5.890589397142e-09 
       2.331919847675e+01       2.994859339921e-11 
       2.386237238686e+01       6.993485600961e-09 
       2.441819844267e+01       2.483650851521e-08 
       2.498697135051e+01       5.167037911302e-08 
       2.556899268129e+01       8.563301309111e-08 
       2.616457103045e+01       1.249903057202e-07 
       2.677402218149e+01       1.679955830283e-07 
       2.739766927349e+01       2.130547657658e-07 
       2.803584297238e+01       2.586308719900e-07 
       2.868888164632e+01       3.033016821962e-07 
       2.935713154505e+01       3.457587456014e-07 
       3.004094698352e+01       3.850874351333e-07 
       3.074069052971e+01       4.200192661480e-07 
       3.145673319693e+01       4.497824279369e-07 
       3.218945464046e+01       4.737509928300e-07 
       3.293924335892e+01       4.913756498614e-07 
       3.370649690021e+01       5.024637317237e-07 
       3.449162207232e+01       5.065647028003e-07 
       3.529503515900e+01       5.040037864417e-07 
       3.611716214051e+01       4.949187661165e-07 
       3.695843891945e+01       4.796107851324e-07 
       3.781931155191e+01       4.586907254318e-07 
       3.870023648395e+01       4.326809630036e-07 
       3.960168079364e+01       4.024602547763e-07 
       4.052412243867e+01       3.690197916528e-07 
       4.146805050982e+01       3.328542719057e-07 
       4.243396549024e+01       2.952655717323e-07 
       4.342237952085e+01       2.571299004058e-07 
       4.443381667184e+01       2.193807803972e-07 
       4.546881322058e+01       1.828839644040e-07 
       4.652791793594e+01       1.484693754867e-07 
       4.761169236926e+01       1.168572682775e-07 
       4.872071115209e+01       8.857221977409e-08 
       4.985556230087e+01       6.408282314749e-08 
       5.101684752870e+01       4.356345569687e-08 
       5.220518256437e+01       2.722102211643e-08 
       5.342119747886e+01       1.497027942816e-08 
       5.466553701937e+01       6.596235312102e-09 
       5.593886095118e+01       1.765999049843e-09 
       5.724184440751e+01       2.735350805234e-11 
       5.857517824743e+01       8.327267403206e-10 
       5.993956942219e+01       3.585393382719e-09 
       6.133574135006e+01       7.659670534872e-09 
       6.276443429986e+01       1.245214271361e-08 
       6.422640578351e+01       1.738378695158e-08 
       6.572243095764e+01       2.195489379496e-08 
       6.725330303461e+01       2.576196617160e-08 
       6.881983370305e+01       2.850495587031e-08 
       7.042285355826e+01       3.000879140960e-08 
       7.206321254258e+01       3.021694578596e-08 
       7.374178039606e+01       2.918259137498e-08 
       7.545944711760e+01       2.705971624384e-08 
       7.721712343682e+01       2.407594682996e-08 
       7.901574129697e+01       2.050600384334e-08 
       8.085625434906e+01       1.665195861272e-08 
       8.273963845747e+01       1.280406190438e-08 
       8.466689221737e+01       9.221028827681e-09 
       8.663903748422e+01       6.108315841776e-09 
       8.865711991556e+01       3.606688809801e-09 
       9.072220952538e+01       1.781859909980e-09 
       9.283540125155e+01       6.313405701697e-10 
       9.499781553628e+01       8.339473510352e-11 
       9.721059892026e+01       2.765331435640e-11 
       9.947492465052e+01       3.173660990056e-10 
       1.017919933025e+02       7.988492595926e-10 
       1.041630334168e+02       1.330149398812e-09 
       1.065893021501e+02       1.793836705855e-09 
       1.090720859423e+02       2.102890746108e-09 
       1.116127011982e+02       2.225659726880e-09 
       1.142124949856e+02       2.149092398049e-09 
       1.168728457497e+02       1.913524377919e-09 
       1.195951640436e+02       1.566548454243e-09 
       1.223808932764e+02       1.170489598855e-09 
       1.252315104788e+02       7.828372370452e-10 
       1.281485270857e+02       4.531172579179e-10 
       1.311334897379e+02       2.106195523305e-10 
       1.341879811021e+02       6.349238120178e-11 
       1.373136207101e+02       4.126807903979e-12 
       1.405120658174e+02       9.720070004229e-12 
       1.437850122818e+02       5.369546152815e-11 
       1.471341954630e+02       1.068243852308e-10 
       1.505613911421e+02       1.500985898975e-10 
       1.540684164638e+02       1.705149671378e-10 
       1.576571308992e+02       1.655050701293e-10 
       1.613294372322e+02       1.394635226843e-10 
       1.650872825683e+02       1.019049991391e-10 
       1.689326593668e+02       6.362989062147e-11 
       1.728676064974e+02       3.107506608567e-11 
       1.768942103212e+02       1.029729284855e-11 
       1.810146057967e+02       1.170334578592e-12 
       1.852309776122e+02       6.808958768808e-13 
       1.895455613439e+02       5.276643335076e-12 
       1.939606446411e+02       1.045031715995e-11 
       1.984785684395e+02       1.305595015218e-11 
       2.031017282021e+02       1.314377361999e-11 
